StartTime: 2019-04-12 10:05:03.649
address	Time(s)	ax(g)	ay(g)	az(g)	wx(deg/s)	wy(deg/s)	wz(deg/s)	AngleX(deg)	AngleY(deg)	AngleZ(deg)	T(°)	hx	hy	hz 
0x50	24542.545	-0.0342	0.0039	1.0488	0.0000	-1.0376	-0.6104	0.4614	1.7963	51.4655	33.1300	220	178	96 
0x50	24542.645	-0.0332	-0.0024	1.0313	0.1831	-0.4272	-0.5493	0.4065	1.7523	51.4819	33.1200	218	175	95 
0x50	24542.745	-0.0405	0.0093	1.0562	2.3193	1.6479	-0.1831	0.5768	1.7578	51.5479	33.1100	223	173	96 
0x50	24542.879	-0.0381	-0.0005	1.0508	-3.3569	0.9155	0.3662	0.5988	1.8622	51.5863	33.1100	221	176	97 
0x50	24542.944	-0.0347	-0.0044	1.0161	-0.9766	0.7935	1.1597	0.2856	1.7688	51.5973	33.1100	223	177	100 
0x50	24543.070	-0.0190	0.0063	1.0498	2.3193	0.4883	0.3052	0.4230	1.8677	51.5973	33.1300	221	178	100 
0x50	24543.144	-0.0283	0.0068	1.0522	-1.7090	0.7324	0.6104	0.4724	1.8787	51.6138	33.1300	221	176	98 
0x50	24543.261	-0.0200	0.0059	1.0244	-1.8921	0.1221	-0.2441	0.2692	1.8512	51.5808	33.1500	220	176	97 
0x50	24543.344	-0.0259	0.0054	1.0313	2.8076	1.3428	1.1597	0.3461	1.8567	51.6193	33.1400	224	176	95 
0x50	24543.444	-0.0371	0.0068	1.0488	0.0610	0.1831	0.0610	0.5328	1.9171	51.6962	33.1400	222	176	97 
0x50	24543.544	-0.0210	0.0063	1.0273	-1.2207	-1.2817	0.3052	0.4065	1.8512	51.6632	33.1600	221	177	96 
0x50	24543.644	-0.0200	0.0137	1.0327	1.8311	0.4883	-0.3662	0.4340	1.8842	51.6797	33.1600	221	176	96 
0x50	24543.743	-0.0186	0.0146	1.0737	2.4414	0.4272	-0.4883	0.7526	1.9611	51.7126	33.1700	219	179	96 
0x50	24543.872	-0.0264	0.0151	1.0425	-4.4556	-1.4648	-1.2207	0.5273	1.8237	51.7017	33.1500	217	177	96 
0x50	24543.943	-0.0195	0.0010	1.0068	4.9438	2.9297	-0.1831	0.3900	1.8896	51.6522	33.1800	222	176	95 
0x50	24544.045	-0.0273	0.0171	1.0742	1.2817	-0.2441	1.0376	0.8954	1.9995	51.7072	33.1700	220	177	98 
0x50	24544.142	-0.0396	0.0078	1.0283	-4.3335	-0.3662	-0.1831	0.6262	1.9116	51.7676	33.1900	219	171	96 
0x50	24544.234	-0.0103	0.0088	1.0303	2.2583	1.4648	0.4272	0.5328	1.8842	51.6797	33.2000	221	177	93 
0x50	24544.327	-0.0303	0.0156	1.0596	-0.8545	0.9155	1.4038	0.8075	1.9446	51.7401	33.2000	220	174	99 
0x50	24544.430	-0.0195	0.0146	1.0327	-2.2583	0.2441	0.3052	0.6097	1.9116	51.7621	33.2000	222	177	98 
0x50	24544.542	-0.0210	0.0127	1.0244	1.8311	1.5869	0.9155	0.6152	1.9446	51.7456	33.1900	219	175	92 
0x50	24544.628	-0.0273	0.0181	1.0479	-0.1221	1.0376	0.4883	0.7965	2.0050	51.7786	33.2100	220	174	95 
0x50	24544.737	-0.0239	0.0137	1.0269	-0.3662	0.7935	0.5493	0.7416	1.9556	51.7950	33.2100	221	171	96 
0x50	24544.839	-0.0259	0.0156	1.0469	1.7090	0.3052	1.1597	0.8789	1.9830	51.8225	33.2200	218	177	97 
0x50	24544.940	-0.0264	0.0190	1.0322	-1.0986	0.4883	0.2441	0.8954	1.9830	51.8774	33.2300	218	172	97 
0x50	24545.041	-0.0308	0.0137	1.0366	-0.3052	0.5493	-0.3052	0.8844	1.9775	51.8994	33.2400	221	173	97 
0x50	24545.134	-0.0215	0.0176	1.0405	-1.4038	0.3052	-0.1221	0.8569	1.9336	51.8994	33.2400	218	174	98 
0x50	24545.241	-0.0239	0.0166	1.0332	0.6104	0.5493	0.3052	0.8459	1.9171	51.9159	33.2500	219	174	96 
0x50	24545.329	-0.0303	0.0151	1.0503	0.6104	1.0376	0.4272	0.9778	1.9446	51.9324	33.2400	216	174	100 
0x50	24545.441	-0.0073	0.0200	1.0322	-2.3804	0.0000	0.2441	0.8569	1.9116	51.8774	33.2500	217	175	98 
0x50	24545.540	-0.0210	0.0229	1.0439	3.0518	2.1973	0.3662	0.9833	1.9556	51.9104	33.2800	223	176	97 
0x50	24545.633	-0.0166	0.0254	1.0449	-0.4272	-0.2441	0.3662	1.0876	1.9556	51.9324	33.2600	219	173	97 
0x50	24545.758	-0.0171	0.0229	1.0327	-0.8545	0.6104	-0.3662	1.0052	1.9611	51.9543	33.2800	217	168	95 
0x50	24545.834	-0.0132	0.0249	1.0415	0.7324	0.4272	-0.7935	1.0272	1.9775	51.9983	33.3000	219	171	96 
0x50	24545.928	-0.0220	0.0225	1.0391	-0.6104	0.0610	-0.9155	1.0162	1.9501	52.0258	33.2800	214	170	97 
0x50	24546.034	-0.0234	0.0186	1.0337	-1.4648	-0.1221	-0.6714	0.9229	1.9171	52.0422	33.3100	217	171	96 
0x50	24546.127	-0.0283	0.0151	1.0347	0.4272	1.0986	-0.4883	0.8954	1.9061	52.0477	33.3000	220	173	94 
0x50	24546.237	-0.0332	0.0156	1.0488	1.1597	-0.1831	0.1221	1.0327	1.9611	52.0862	33.3000	220	173	97 
0x50	24546.346	-0.0317	0.0171	1.0420	-0.5493	-0.4272	-0.9155	0.9888	1.9830	52.0807	33.3100	219	174	98 
0x50	24546.439	-0.0249	0.0146	1.0205	1.2817	1.5869	0.4883	0.9503	1.9611	52.0697	33.3100	216	170	97 
0x50	24546.538	-0.0264	0.0225	1.0596	1.0376	0.7935	-0.7935	1.2140	2.0929	52.1191	33.3000	218	170	98 
0x50	24546.638	-0.0396	0.0171	1.0591	-0.3662	0.3052	0.0000	1.2085	2.0325	52.1466	33.3300	218	173	100 
0x50	24546.750	-0.0269	0.0112	1.0210	-7.5684	-2.9907	-0.9155	0.6976	1.8951	52.0917	33.3300	218	172	98 
0x50	24546.838	-0.0244	0.0117	1.0269	7.0190	3.2349	0.4883	0.7471	1.8951	52.0807	33.3300	220	175	95 
0x50	24546.928	-0.0435	0.0151	1.0801	-2.7466	-0.4272	0.0000	1.1316	1.9830	52.1631	33.3500	219	173	98 
0x50	24547.038	-0.0288	0.0103	1.0195	-3.0518	-0.4272	-0.8545	0.6592	1.8732	52.0642	33.3300	218	174	97 
0x50	24547.131	-0.0215	0.0049	1.0386	2.1973	0.0610	0.4272	0.6427	1.8127	52.0148	33.3700	215	175	100 
0x50	24547.225	-0.0361	0.0142	1.0313	-1.6479	-0.6714	-0.2441	0.6592	1.7468	52.0422	33.3300	219	175	97 
0x50	24547.350	-0.0049	0.0146	1.0596	-2.1973	-0.4272	-0.9766	0.6097	1.6754	51.9214	33.3700	217	175	96 
0x50	24547.434	-0.0195	0.0024	1.0288	-4.2114	-3.6621	-0.0610	0.0879	1.4172	51.9104	33.3700	222	176	99 
0x50	24547.545	-0.0029	-0.0024	1.0195	0.0610	-0.6104	-0.2441	-0.1868	1.1975	51.8719	33.3700	221	177	97 
0x50	24547.634	-0.0264	-0.0088	1.0615	1.8921	0.5493	1.1597	0.0659	1.2579	51.8665	33.3800	220	181	98 
0x50	24547.759	-0.0112	-0.0049	1.0239	-5.9814	-3.6621	0.0000	-0.2966	1.0547	51.7786	33.3700	223	181	96 
0x50	24547.837	-0.0015	-0.0083	1.0186	1.8921	0.0610	-0.6104	-0.5109	0.9723	51.6632	33.3900	222	182	97 
0x50	24547.931	-0.0039	-0.0088	1.0308	3.1128	-0.3662	0.3662	-0.2911	1.0217	51.6028	33.3700	220	179	98 
0x50	24548.032	-0.0225	0.0063	1.0781	2.9907	0.1831	0.1221	0.1044	1.0602	51.6522	33.3900	221	176	96 
0x50	24548.126	0.0010	-0.0005	1.0308	-4.7607	-0.6714	-1.4038	-0.1648	1.0162	51.5643	33.3900	219	177	95 
0x50	24548.236	-0.0107	-0.0117	1.0054	2.8687	1.7090	0.1831	-0.3021	0.9778	51.5753	33.4100	223	177	98 
0x50	24548.336	-0.0273	0.0054	1.0713	4.5776	1.6479	-0.1831	0.2747	1.1481	51.6302	33.4000	218	177	98 
0x50	24548.436	-0.0186	-0.0010	1.0435	-6.2866	-1.1597	-1.3428	0.1593	1.1591	51.5753	33.4100	219	176	98 
0x50	24548.526	-0.0176	-0.0161	0.9937	0.7935	0.1831	1.4038	-0.2362	0.9888	51.5314	33.4200	219	176	98 
0x50	24548.635	-0.0254	-0.0068	1.0425	0.9155	-1.1597	0.7324	0.0439	1.0272	51.6083	33.4300	219	176	98 
0x50	24548.729	0.0122	0.0083	1.0361	-1.0376	-5.0659	-0.4883	0.0000	0.7141	51.5204	33.4200	217	178	96 
0x50	24548.823	0.0083	0.0132	1.0601	2.6245	2.7466	1.7090	0.1923	0.5164	51.6028	33.4400	217	174	94 
0x50	24548.948	-0.0117	0.0068	1.0469	-3.7842	-1.1597	0.0610	0.1263	0.5603	51.6632	33.4400	216	175	94 
0x50	24549.034	0.0054	-0.0024	1.0347	-0.4883	2.3804	-0.2441	-0.0604	0.5878	51.5588	33.4400	215	175	98 
0x50	24549.143	-0.0078	-0.0010	1.0400	-1.2207	3.4790	-0.4272	-0.0439	0.8075	51.5149	33.4300	218	176	97 
0x50	24549.234	-0.0098	-0.0054	1.0161	-3.2959	-0.5493	-1.8311	-0.2197	0.8679	51.4380	33.4600	216	177	94 
0x50	24549.334	0.0015	0.0010	1.0396	4.5166	2.8076	-0.9766	-0.0604	0.8185	51.2952	33.4700	220	179	95 
0x50	24549.434	-0.0269	0.0059	1.0840	-0.3052	0.7935	-0.2441	0.3351	0.9943	51.3446	33.4600	220	177	95 
0x50	24549.534	-0.0044	-0.0010	1.0317	-2.6855	-1.2817	-0.9155	-0.0165	0.9338	51.2402	33.4700	222	178	91 
0x50	24549.634	0.0000	-0.0039	1.0386	3.6011	1.7090	1.7700	-0.0055	0.9613	51.2402	33.4600	219	178	96 
0x50	24549.734	-0.0278	-0.0034	1.0493	-1.1597	-0.3052	0.1221	0.1373	1.1041	51.4105	33.4500	219	175	96 
0x50	24549.834	0.0020	0.0020	1.0298	2.8687	0.1221	-2.0142	0.0769	1.0602	51.2787	33.4600	218	175	99 
0x50	24549.936	0.0132	0.0151	1.0640	2.8687	0.5493	-0.4272	0.3516	1.0602	51.1743	33.4700	218	178	97 
0x50	24550.034	-0.0190	0.0098	1.0464	-1.0986	1.5259	-0.1831	0.4285	1.1700	51.2732	33.4900	221	174	97 
0x50	24550.136	-0.0166	0.0024	1.0376	0.0610	1.6479	-0.9766	0.3680	1.2085	51.2567	33.4900	220	177	97 
0x50	24550.233	-0.0244	-0.0005	1.0293	-1.4038	1.6479	-0.0610	0.3076	1.2579	51.2567	33.4800	219	175	94 
0x50	24550.335	-0.0195	-0.0024	1.0396	-1.9531	0.1831	-0.1221	0.2747	1.2689	51.2512	33.5000	217	173	96 
0x50	24550.432	-0.0181	0.0015	1.0400	0.9766	1.3428	0.7935	0.2911	1.2085	51.2677	33.5000	219	178	99 
0x50	24550.534	-0.0225	0.0117	1.0601	0.4883	1.2817	0.6714	0.4999	1.2744	51.3171	33.5100	218	177	97 
0x50	24550.633	-0.0249	-0.0010	1.0342	-3.6621	-0.6714	-0.1831	0.2802	1.2360	51.2897	33.4900	220	176	97 
0x50	24550.735	-0.0063	0.0029	1.0332	0.9766	0.9155	-0.1831	0.1373	1.2360	51.2128	33.5000	222	177	97 
0x50	24550.832	-0.0073	0.0015	1.0313	5.0659	-0.3662	1.6479	0.3241	1.2634	51.2677	33.5100	221	175	98 
0x50	24550.932	-0.0151	0.0142	1.0620	-0.0610	-1.4038	-0.0610	0.4944	1.3239	51.3831	33.5300	222	175	98 
0x50	24551.030	-0.0127	0.0010	1.0186	-3.2959	-0.3052	-0.6714	0.1263	1.1810	51.3501	33.5200	221	177	95 
0x50	24551.123	0.0000	0.0034	1.0386	3.8452	1.8921	0.6714	0.1868	1.2689	51.3171	33.5300	222	181	96 
0x50	24551.217	-0.0205	0.0083	1.0522	-3.7231	-0.0610	0.0000	0.2856	1.2854	51.3666	33.5400	220	177	96 
0x50	24551.319	-0.0225	-0.0049	1.0161	-2.6245	0.8545	-0.6104	-0.0110	1.2140	51.3721	33.5400	221	173	96 
0x50	24551.431	-0.0142	-0.0015	1.0464	1.7090	1.1597	0.0000	0.1263	1.2964	51.3501	33.5300	220	179	95 
0x50	24551.531	-0.0273	0.0000	1.0435	-0.4883	0.6104	0.7324	0.1758	1.2634	51.3721	33.5500	219	180	97 
0x50	24551.632	-0.0229	-0.0015	1.0366	-0.3052	0.3052	-0.6104	0.1373	1.2909	51.3446	33.5600	220	179	98 
0x50	24551.716	-0.0112	-0.0029	1.0386	1.3428	0.3662	0.0610	0.1483	1.3074	51.2897	33.5500	221	180	97 
0x50	24551.841	-0.0200	0.0010	1.0322	0.3052	-0.5493	-0.3662	0.1318	1.2689	51.3062	33.5500	220	175	97 
0x50	24551.919	-0.0215	-0.0005	1.0347	0.5493	0.5493	-0.1221	0.1868	1.3019	51.3336	33.5700	222	176	98 
0x50	24552.030	-0.0200	-0.0020	1.0308	-0.9155	-0.6714	-0.1221	0.1813	1.2964	51.3446	33.5700	222	177	95 
0x50	24552.126	-0.0269	-0.0015	1.0376	2.2583	0.9155	0.4883	0.2197	1.2524	51.3995	33.5600	225	176	98 
0x50	24552.219	-0.0107	0.0068	1.0591	-1.4648	-0.3662	-0.4883	0.3461	1.3239	51.4160	33.5900	221	178	99 
0x50	24552.328	-0.0112	0.0039	1.0195	0.1831	0.7324	-0.3052	0.1593	1.2469	51.4050	33.5700	223	177	99 
0x50	24552.437	-0.0151	0.0015	1.0391	0.5493	0.9155	-0.2441	0.3021	1.2744	51.4160	33.5800	221	175	97 
0x50	24552.515	-0.0146	0.0044	1.0361	-2.0752	-0.1831	-0.1831	0.2856	1.2305	51.4325	33.6000	223	178	97 
0x50	24552.647	-0.0176	0.0068	1.0386	-0.0610	1.0986	-0.3662	0.3021	1.2469	51.4380	33.6100	218	176	97 
0x50	24552.725	-0.0166	0.0039	1.0493	-0.2441	0.8545	0.4272	0.3351	1.2360	51.4380	33.6000	218	178	95 
0x50	24552.841	-0.0234	-0.0015	1.0356	-1.4038	-0.0610	0.0000	0.2252	1.2250	51.4215	33.6100	218	175	95 
0x50	24552.920	-0.0117	-0.0005	1.0229	0.5493	0.9155	0.1831	0.1263	1.2030	51.3721	33.6000	219	175	95 
0x50	24553.052	-0.0161	0.0039	1.0498	-0.9766	0.3662	0.3662	0.2417	1.2799	51.3831	33.6300	220	176	96 
0x50	24553.114	-0.0107	0.0024	1.0269	-1.5259	0.9155	-0.4883	0.0824	1.2689	51.3611	33.6400	222	178	96 
0x50	24553.223	-0.0171	0.0020	1.0420	1.5869	1.4648	0.5493	0.1483	1.3239	51.3666	33.6300	224	176	96 
0x50	24553.317	-0.0205	0.0054	1.0537	-1.6479	-0.9155	-0.5493	0.1813	1.3953	51.3995	33.6300	223	175	97 
0x50	24553.427	-0.0083	0.0005	1.0249	-1.4648	-0.1221	-1.1597	-0.0714	1.3348	51.3556	33.6500	223	177	95 
0x50	24553.520	-0.0166	-0.0034	1.0425	2.5635	0.7324	-0.3662	0.0000	1.3898	51.3391	33.6600	221	177	99 
0x50	24553.619	-0.0171	-0.0029	1.0342	0.0000	-1.2817	-0.4272	0.0330	1.4117	51.3501	33.6600	220	177	98 
0x50	24553.728	-0.0249	-0.0029	1.0420	0.2441	0.0610	-0.8545	0.0439	1.4172	51.3446	33.6700	221	179	99 
0x50	24553.822	-0.0156	-0.0034	1.0405	0.1221	0.1221	-0.5493	0.0385	1.4172	51.2952	33.6900	220	178	97 
0x50	24553.915	-0.0190	0.0005	1.0439	1.4038	0.1221	0.0000	0.1318	1.4557	51.3116	33.6900	223	177	95 
0x50	24554.053	-0.0063	0.0039	1.0356	-1.0376	0.5493	-0.5493	0.1044	1.4557	51.3062	33.6900	221	175	95 
0x50	24554.116	-0.0098	0.0054	1.0435	-0.1221	1.2817	0.1831	0.1154	1.4557	51.3336	33.7100	222	179	97 
0x50	24554.227	-0.0122	0.0068	1.0400	-0.4272	0.6104	-1.1597	0.1154	1.5326	51.3501	33.7100	223	178	94 
0x50	24554.320	-0.0161	0.0029	1.0454	-1.1597	0.6104	-0.1221	0.0714	1.5106	51.3501	33.7200	223	175	99 
0x50	24554.414	-0.0254	-0.0029	1.0386	0.3662	1.0986	0.0610	0.0494	1.5436	51.3831	33.7200	222	176	97 
0x50	24554.527	-0.0205	-0.0020	1.0400	-0.2441	0.8545	0.6714	0.0385	1.5381	51.4105	33.7200	221	175	100 
0x50	24554.613	-0.0269	-0.0049	1.0386	-0.7324	0.3052	-0.0610	-0.0220	1.5381	51.4490	33.7400	223	179	95 
0x50	24554.713	-0.0151	-0.0054	1.0322	-0.1221	-0.2441	0.1831	-0.1154	1.4996	51.3940	33.7400	225	182	93 
0x50	24554.823	-0.0259	-0.0083	1.0371	1.2817	0.1221	0.2441	-0.0879	1.5106	51.3831	33.7300	222	179	95 
0x50	24554.916	-0.0225	-0.0049	1.0439	-0.1831	-0.1831	-0.3052	-0.0824	1.4832	51.3885	33.7300	225	179	98 
0x50	24555.026	-0.0220	-0.0073	1.0313	-0.0610	0.2441	-0.5493	-0.1648	1.4722	51.3611	33.7400	220	179	96 
0x50	24555.122	-0.0200	-0.0049	1.0381	1.8921	0.3662	0.0000	-0.0934	1.5106	51.3556	33.7400	222	176	97 
0x50	24555.218	-0.0239	-0.0005	1.0444	0.0610	-0.3052	-0.4883	-0.0330	1.5106	51.3666	33.7700	223	179	98 
0x50	24555.312	-0.0298	-0.0112	1.0308	-0.9155	0.3052	-0.1221	-0.1099	1.4886	51.3446	33.7700	224	179	98 
0x50	24555.421	-0.0205	-0.0078	1.0439	0.3662	0.1831	0.3662	-0.1099	1.4886	51.2952	33.7700	223	180	96 
0x50	24555.515	-0.0317	-0.0063	1.0361	-0.1221	0.8545	-0.0610	-0.1044	1.5051	51.3007	33.7800	221	178	97 
0x50	24555.625	-0.0298	-0.0117	1.0332	-0.1221	-0.3052	0.0000	-0.1428	1.4777	51.2952	33.7700	223	175	98 
0x50	24555.710	-0.0234	-0.0039	1.0293	2.0752	0.6104	0.4272	-0.0494	1.4557	51.2952	33.7800	226	180	97 
0x50	24555.826	-0.0239	-0.0005	1.0449	0.4883	0.7324	0.1831	0.1428	1.5271	51.3226	33.7800	223	180	98 
0x50	24555.920	-0.0215	-0.0015	1.0264	1.2817	0.7324	0.3052	0.1318	1.5216	51.3336	33.8000	224	176	99 
0x50	24556.014	-0.0195	0.0034	1.0405	0.4272	0.3052	0.1831	0.2856	1.5546	51.3721	33.7900	220	175	103 
0x50	24556.115	-0.0146	0.0068	1.0356	2.6245	1.2207	0.0000	0.4175	1.5820	51.4105	33.7800	221	175	98 
0x50	24556.225	-0.0273	0.0117	1.0317	5.4321	2.6855	-0.6714	0.8130	1.7468	51.4984	33.8100	221	176	98 
0x50	24556.324	-0.0249	0.0215	1.0649	2.3804	-0.1831	0.0610	1.3293	1.8237	51.5314	33.8100	218	174	100 
0x50	24556.426	-0.0337	0.0176	1.0400	-6.5918	-1.2817	0.4883	1.0767	1.7139	51.5698	33.8100	217	174	97 
0x50	24556.524	-0.0054	0.0151	1.0127	3.1738	0.7935	0.0000	0.8350	1.6699	51.4764	33.8400	221	177	97 
0x50	24556.625	-0.0205	0.0269	1.0781	-0.3052	1.0986	0.8545	1.2140	1.7743	51.5424	33.8400	215	172	101 
0x50	24556.724	-0.0220	0.0176	1.0430	-5.6152	-1.4648	-0.9155	0.8075	1.6479	51.5753	33.8100	218	172	97 
0x50	24556.823	-0.0059	0.0088	1.0088	1.5259	1.6479	-0.6104	0.4834	1.6425	51.4819	33.8500	220	174	96 
0x50	24556.923	-0.0278	0.0112	1.0527	3.2349	1.8311	0.1221	0.8130	1.7853	51.5698	33.8400	218	172	98 
0x50	24557.023	-0.0391	0.0093	1.0278	-3.0518	-1.0986	-0.9155	0.7416	1.7358	51.6302	33.8500	220	172	96 
0x50	24557.123	-0.0215	0.0049	1.0273	2.2583	0.6104	-0.3662	0.7361	1.7578	51.6248	33.8400	222	172	98 
0x50	24557.223	-0.0361	0.0112	1.0449	0.5493	-0.6104	0.4883	0.8679	1.7743	51.7511	33.8600	221	171	99 
0x50	24557.323	-0.0313	0.0122	1.0469	-1.0986	0.1831	-0.9766	0.8075	1.7963	51.7896	33.8700	221	172	98 
0x50	24557.423	-0.0264	0.0068	1.0317	-1.7090	-0.3052	0.2441	0.6482	1.7358	51.7841	33.8800	221	173	96 
0x50	24557.523	-0.0332	0.0098	1.0591	2.6855	2.3193	-0.4272	0.8295	1.8732	51.8225	33.8400	220	172	99 
0x50	24557.622	-0.0259	0.0098	1.0527	-3.1738	-1.0376	-0.1221	0.7361	1.8073	51.8390	33.8700	222	172	96 
0x50	24557.722	-0.0259	0.0049	1.0220	0.6104	0.1221	-0.3662	0.4889	1.8018	51.7950	33.8900	221	177	98 
0x50	24557.822	-0.0317	0.0039	1.0474	4.0894	2.0752	1.9531	0.7361	1.9006	51.8280	33.8800	221	177	97 
0x50	24557.908	-0.0464	0.0098	1.0601	-2.9907	-1.0986	0.9766	0.8240	1.9061	51.9159	33.8900	222	175	96 
0x50	24558.018	-0.0225	0.0049	1.0020	-0.3052	1.5259	-0.1221	0.4834	1.8677	51.8610	33.9000	223	175	100 
0x50	24558.134	-0.0273	0.0068	1.0469	0.7324	0.5493	0.6714	0.6812	1.9666	51.9324	33.9000	226	171	102 
0x50	24558.218	-0.0322	0.0117	1.0327	-3.7842	-1.2817	0.0000	0.4944	1.8677	51.9763	33.8900	221	173	98 
0x50	24558.327	-0.0181	0.0054	1.0269	1.2207	1.2207	-0.4272	0.4065	1.8677	51.9104	33.8900	221	176	99 
0x50	24558.421	-0.0283	0.0078	1.0518	-0.3052	0.0000	0.1831	0.5164	1.9006	51.9159	33.9000	222	176	100 
0x50	24558.511	-0.0347	0.0054	1.0415	0.0610	1.1597	0.3052	0.4614	1.8842	51.9104	33.9000	220	178	98 
0x50	24558.621	-0.0361	-0.0039	1.0156	-0.6104	0.2441	-0.0610	0.3735	1.8842	51.8939	33.9000	223	175	100 
0x50	24558.706	-0.0278	0.0054	1.0479	1.2817	0.4272	0.1221	0.4889	1.9006	51.8719	33.9000	224	175	98 
0x50	24558.816	-0.0400	0.0054	1.0303	-1.2207	0.6714	-0.3662	0.4779	1.9446	51.8829	33.9100	221	175	99 
0x50	24558.918	-0.0264	0.0039	1.0313	1.1597	0.7935	0.4272	0.5109	1.9446	51.8774	33.9100	224	175	99 
0x50	24559.012	-0.0317	0.0107	1.0557	1.6479	0.1221	1.0376	0.7251	1.9775	51.9598	33.9000	224	175	98 
0x50	24559.123	-0.0259	0.0181	1.0381	0.0000	0.9155	-1.1597	0.6921	1.9446	51.9653	33.9300	224	172	100 
0x50	24559.216	-0.0225	0.0063	1.0435	-1.2207	0.4883	-0.7324	0.6757	2.0050	51.9269	33.9300	225	173	96 
0x50	24559.313	-0.0337	0.0059	1.0112	1.0986	0.6104	1.0986	0.5493	1.8951	51.9873	33.9300	220	176	99 
0x50	24559.407	-0.0337	0.0171	1.0557	3.8452	2.1973	0.4272	0.9393	2.0435	52.0477	33.9200	223	177	99 
0x50	24559.531	-0.0215	0.0117	1.0283	-4.6387	-1.2207	-0.3662	0.7800	2.0050	52.0038	33.9200	221	174	98 
0x50	24559.610	-0.0244	0.0068	1.0181	1.4038	1.5869	0.8545	0.6427	1.9446	52.0038	33.9300	222	173	100 
0x50	24559.750	-0.0425	0.0132	1.0566	1.4038	0.9155	-0.1221	0.9668	2.0599	52.1027	33.9300	224	175	99 
0x50	24559.818	-0.0317	0.0107	1.0342	-1.4038	0.1221	0.1831	0.9119	1.9940	52.0972	33.9500	221	175	97 
0x50	24559.912	-0.0317	0.0151	1.0254	0.3052	0.5493	-0.2441	0.8844	2.0215	52.0807	33.9300	218	172	96 
0x50	24560.006	-0.0283	0.0215	1.0542	1.4038	2.0142	0.0610	1.0602	2.1204	52.0862	33.9500	223	174	98 
0x50	24560.115	-0.0356	0.0107	1.0303	-3.1128	-0.4272	-0.1221	0.9283	2.1423	52.1082	33.9500	221	175	97 
0x50	24560.209	-0.0303	0.0142	1.0215	2.0752	0.4272	0.1221	0.8514	2.1204	52.0972	33.9600	218	172	99 
0x50	24560.314	-0.0410	0.0249	1.0493	8.1177	3.6011	0.4272	1.4172	2.3401	52.2180	33.9600	217	171	96 
0x50	24560.408	-0.0415	0.0234	1.0859	-6.8970	-2.3804	-1.2817	1.5161	2.4390	52.2400	33.9600	220	170	102 
0x50	24560.508	-0.0366	0.0044	0.9810	-4.7607	-1.3428	-1.2817	0.5438	2.0764	52.1521	33.9600	222	174	101 
0x50	24560.618	-0.0303	0.0029	1.0513	6.5308	2.3804	0.3052	0.8240	2.1863	52.1356	33.9600	221	175	98 
0x50	24560.713	-0.0366	0.0190	1.0586	-4.0283	-1.7090	-1.1597	0.8624	2.2028	52.1851	33.9600	221	171	99 
0x50	24560.807	-0.0244	0.0078	1.0054	-1.4038	0.1831	-1.4038	0.4175	2.0490	52.0917	33.9500	221	176	97 
0x50	24560.948	-0.0269	0.0098	1.0591	2.5024	0.9155	-0.1221	0.6482	2.1643	52.0587	33.9700	222	177	96 
0x50	24561.017	-0.0366	0.0068	1.0269	-2.5635	-0.4883	0.0000	0.5109	2.0874	52.0917	33.9800	222	175	100 
0x50	24561.144	-0.0234	0.0059	1.0337	-0.0610	0.2441	-0.4272	0.4395	2.0819	52.0697	33.9800	225	172	99 
0x50	24561.218	-0.0234	0.0083	1.0376	-0.2441	-0.1831	-0.1221	0.4559	2.0874	52.1082	33.9800	223	173	99 
0x50	24561.327	-0.0347	0.0098	1.0381	-0.4883	-0.1831	-0.4883	0.4285	2.0599	52.1301	33.9700	222	175	96 
0x50	24561.405	-0.0337	0.0029	1.0410	-0.3662	0.9155	-0.6104	0.4175	2.0654	52.0917	33.9800	220	175	98 
0x50	24561.515	-0.0371	0.0020	1.0239	0.7324	1.2207	0.1221	0.3900	2.0709	52.0807	33.9800	221	175	96 
0x50	24561.617	-0.0391	0.0059	1.0498	0.7935	1.0376	0.2441	0.5548	2.1313	52.1246	33.9900	225	176	100 
0x50	24561.709	-0.0391	0.0029	1.0347	-2.6245	0.1831	-0.1221	0.4614	2.1259	52.1246	33.9900	224	177	96 
0x50	24561.803	-0.0186	0.0039	1.0293	0.7935	0.4272	0.3052	0.3461	2.1094	52.0752	33.9900	225	176	94 
0x50	24561.903	-0.0410	0.0024	1.0469	0.4883	0.0610	0.6714	0.4175	2.1368	52.0917	34.0100	221	177	99 
0x50	24562.007	-0.0254	0.0068	1.0391	-2.2583	-1.9531	-0.8545	0.2252	2.0654	52.0422	34.0200	222	179	97 
0x50	24562.114	-0.0303	-0.0034	1.0171	-0.4883	-0.4883	-0.7324	-0.0330	2.0050	52.0038	34.0100	225	177	99 
0x50	24562.207	-0.0239	-0.0029	1.0454	0.6104	-0.2441	-0.6714	0.0000	2.0435	51.9379	34.0100	223	181	96 
0x50	24562.312	-0.0347	-0.0059	1.0317	0.2441	-0.0610	-0.1831	-0.0330	2.0215	51.9489	34.0200	227	178	98 
0x50	24562.406	-0.0386	-0.0078	1.0562	-0.1831	-0.8545	-0.6104	0.0220	2.0435	51.9489	34.0000	226	180	96 
0x50	24562.516	-0.0425	-0.0112	1.0278	0.4883	0.3052	-0.4883	-0.1263	1.9830	51.8939	34.0400	222	179	95 
0x50	24562.616	-0.0352	-0.0083	1.0400	0.2441	0.2441	-0.1221	-0.0549	2.0270	51.8555	34.0300	224	180	96 
0x50	24562.712	-0.0347	-0.0049	1.0435	-0.3662	0.5493	-0.2441	-0.0439	2.0435	51.8225	34.0300	226	180	97 
0x50	24562.816	-0.0244	-0.0020	1.0391	0.1831	0.6714	0.3662	-0.0549	2.0215	51.8500	34.0300	225	176	98 
0x50	24562.911	-0.0132	0.0083	1.0254	-0.8545	0.1221	-0.3052	-0.0989	2.0160	51.8335	34.0400	226	177	100 
0x50	24563.015	-0.0127	0.0049	1.0361	0.1831	2.0752	0.2441	-0.0275	2.0270	51.8500	34.0500	227	178	101 
0x50	24563.122	-0.0190	0.0083	1.0317	-2.7466	-0.9155	-0.3662	-0.0714	2.0544	51.8500	34.0500	225	180	96 
0x50	24563.215	-0.0283	-0.0010	1.0259	-0.5493	1.1597	-0.1831	-0.1978	2.0105	51.8280	34.0700	226	179	96 
0x50	24563.314	-0.0288	-0.0083	1.0381	0.7324	0.0610	0.0000	-0.1208	2.0160	51.8115	34.0700	224	179	98 
0x50	24563.415	-0.0298	-0.0020	1.0361	1.5869	0.0610	0.3052	-0.0769	1.9995	51.8005	34.0900	226	179	95 
0x50	24563.514	-0.0215	0.0000	1.0361	0.7935	-0.6714	0.0000	-0.0275	1.9995	51.8060	34.0700	227	180	98 
0x50	24563.615	-0.0303	-0.0015	1.0337	0.9766	-0.4883	0.7935	-0.0165	1.9720	51.8115	34.0800	224	178	99 
0x50	24563.714	-0.0361	-0.0078	1.0376	0.6714	-1.0376	0.1221	0.0000	1.9391	51.8225	34.0800	227	175	97 
0x50	24563.814	-0.0391	-0.0093	1.0332	-0.1831	-0.3662	0.3052	-0.0330	1.9171	51.8445	34.0800	225	179	100 
0x50	24563.914	-0.0288	-0.0068	1.0449	0.6714	0.1831	0.4272	-0.0110	1.8951	51.8225	34.0900	227	178	97 
0x50	24564.013	-0.0410	-0.0098	1.0376	0.7324	0.1831	-0.3662	0.0000	1.9611	51.8445	34.0900	225	177	99 
0x50	24564.114	-0.0327	-0.0078	1.0342	0.5493	0.0000	-0.4883	-0.0439	1.9391	51.8005	34.1000	223	177	99 
0x50	24564.214	-0.0376	-0.0083	1.0322	-1.3428	0.1831	-0.7935	-0.0934	1.9611	51.7841	34.1000	226	177	95 
0x50	24564.314	-0.0352	-0.0103	1.0371	0.3662	0.4883	-0.5493	-0.1373	1.9611	51.7950	34.1200	224	177	97 
0x50	24564.413	-0.0317	-0.0068	1.0366	0.2441	0.0610	-0.4883	-0.1154	1.9775	51.7676	34.1100	224	178	96 
0x50	24564.513	-0.0225	-0.0059	1.0215	0.7935	0.5493	0.0000	-0.1263	1.9501	51.7346	34.0900	224	179	97 
0x50	24564.613	-0.0352	-0.0005	1.0576	2.4414	0.6714	-0.1831	0.1428	2.0380	51.7676	34.1100	225	179	97 
0x50	24564.707	-0.0278	0.0005	1.0405	-2.3804	-0.5493	-0.6104	0.0714	2.0050	51.7401	34.1000	220	176	96 
0x50	24564.817	-0.0234	-0.0015	1.0283	3.0518	1.5869	-0.2441	0.0494	2.0435	51.7236	34.1300	223	176	97 
0x50	24564.901	-0.0298	0.0044	1.0415	1.8921	-0.3052	-0.0610	0.2911	2.1039	51.7841	34.1100	221	175	99 
0x50	24565.039	-0.0293	0.0020	1.0483	-2.9297	-0.7935	-0.4883	0.2362	2.0764	51.7786	34.1300	224	172	96 
0x50	24565.112	-0.0396	-0.0137	1.0107	-0.6104	-0.3662	-1.0986	-0.0769	2.0599	51.7566	34.1300	227	179	98 
0x50	24565.245	-0.0308	-0.0054	1.0430	4.2114	0.5493	0.6714	0.1208	2.0599	51.7511	34.1500	225	178	101 
0x50	24565.297	-0.0425	0.0015	1.0552	-0.6714	0.1831	0.0000	0.3186	2.1533	51.8335	34.1400	225	176	96 
0x50	24565.407	-0.0288	-0.0039	1.0215	-0.7324	-0.0610	-0.3052	0.0879	2.0819	51.8225	34.1200	224	176	101 
0x50	24565.500	-0.0278	0.0024	1.0352	1.9531	0.8545	0.4272	0.1593	2.1039	51.8390	34.1400	223	175	99 
0x50	24565.610	-0.0249	0.0059	1.0518	-0.6714	-0.4272	-0.6104	0.2692	2.1478	51.8555	34.1600	225	175	99 
0x50	24565.707	-0.0259	0.0044	1.0269	0.9766	0.4883	0.0000	0.1593	2.0929	51.8610	34.1500	225	177	97 
0x50	24565.834	-0.0303	0.0034	1.0508	0.6104	0.3662	-0.4272	0.3076	2.1533	51.8719	34.1400	227	177	99 
0x50	24565.897	-0.0303	0.0044	1.0239	-0.3662	0.4883	-0.0610	0.2252	2.1204	51.9049	34.1300	227	176	99 
0x50	24566.006	-0.0288	0.0068	1.0415	0.3052	1.4038	0.3662	0.3351	2.1918	51.9269	34.1500	226	174	100 
0x50	24566.100	-0.0342	0.0020	1.0405	-1.7090	0.3052	0.3052	0.2856	2.1588	51.9434	34.1500	225	178	100 
0x50	24566.209	-0.0317	0.0039	1.0264	-0.9155	0.7935	0.0610	0.1703	2.1204	51.9269	34.1500	223	177	98 
0x50	24566.299	-0.0259	0.0073	1.0420	2.1973	2.0142	0.0000	0.3296	2.2083	51.8829	34.1500	223	176	101 
0x50	24566.427	-0.0210	0.0083	1.0405	-1.4038	-1.5869	0.8545	0.3241	2.1368	51.8994	34.1600	226	175	98 
0x50	24566.509	-0.0239	0.0117	1.0361	0.6104	2.0142	0.4883	0.2802	2.0709	51.9269	34.1700	225	176	98 
0x50	24566.638	-0.0186	0.0020	1.0342	-2.5024	0.2441	0.0000	0.2087	2.1094	51.9049	34.1800	222	175	102 
0x50	24566.704	-0.0278	0.0034	1.0234	1.7700	0.9155	0.6714	0.1373	2.0654	51.9214	34.1700	225	179	101 
0x50	24566.798	-0.0205	0.0083	1.0605	-0.1221	0.6714	-0.6714	0.3351	2.1643	51.9104	34.1400	225	174	102 
0x50	24566.907	-0.0259	0.0029	1.0186	-1.2207	0.3662	0.0610	0.1428	2.0709	51.8829	34.1700	222	180	97 
0x50	24567.011	-0.0288	0.0039	1.0396	2.3804	1.1597	0.0610	0.2856	2.1259	51.8994	34.1700	223	175	101 
0x50	24567.096	-0.0293	0.0059	1.0415	-0.7324	0.6104	0.1221	0.3955	2.1588	51.9269	34.1600	222	174	104 
0x50	24567.234	-0.0342	0.0034	1.0234	-1.8921	-0.4272	-0.2441	0.2527	2.1094	51.9928	34.1600	227	173	98 
0x50	24567.302	-0.0249	0.0034	1.0239	3.4790	2.5635	0.0610	0.3571	2.1094	51.9928	34.1800	221	176	99 
0x50	24567.396	-0.0376	0.0142	1.0664	-0.7324	-0.6104	0.2441	0.6262	2.2083	52.0367	34.1600	221	176	100 
0x50	24567.505	-0.0195	0.0024	1.0146	-4.0283	-1.8311	-0.6104	0.1648	2.0654	51.9434	34.1800	225	176	105 
0x50	24567.599	-0.0273	0.0020	1.0151	3.4180	1.0376	0.9155	0.1044	2.0435	51.9434	34.1800	224	174	99 
0x50	24567.709	-0.0244	0.0098	1.0542	-0.1221	-0.7935	0.4272	0.3735	2.0819	51.9818	34.1800	220	177	103 
0x50	24567.802	-0.0381	0.0000	1.0195	-1.5259	0.1831	-0.3052	0.1923	2.0709	51.9543	34.1800	225	174	97 
0x50	24567.903	-0.0229	0.0010	1.0396	1.0376	0.2441	0.1221	0.2307	2.0874	51.9269	34.1900	223	176	97 
0x50	24567.997	-0.0317	0.0044	1.0430	0.4883	-0.4272	0.3662	0.2472	2.0819	51.9598	34.2100	223	177	96 
0x50	24568.113	-0.0313	0.0020	1.0239	2.9297	1.4648	0.0000	0.2911	2.1313	51.9708	34.2100	222	176	101 
0x50	24568.206	-0.0332	0.0068	1.0591	-1.2817	-1.0376	-0.1831	0.4504	2.1753	51.9983	34.2000	223	176	97 
0x50	24568.300	-0.0249	0.0073	1.0264	-0.9766	0.3662	-1.0376	0.2032	2.1039	51.9708	34.2200	222	177	100 
0x50	24568.397	-0.0205	0.0049	1.0352	0.7324	0.9155	-0.1221	0.2417	2.1259	51.9434	34.2100	227	176	99 
0x50	24568.507	-0.0288	0.0088	1.0415	0.0000	0.5493	0.7935	0.3131	2.1313	52.0038	34.2100	225	174	101 
0x50	24568.610	-0.0200	0.0083	1.0391	-0.2441	0.6714	-0.4272	0.3131	2.1698	51.9983	34.2300	223	177	97 
0x50	24568.696	-0.0322	0.0044	1.0371	-0.8545	1.1597	0.1831	0.2856	2.1478	51.9818	34.2300	225	177	98 
0x50	24568.805	-0.0244	0.0088	1.0215	0.6104	0.9766	-0.4883	0.2527	2.1698	51.9818	34.2300	225	174	98 
0x50	24568.899	-0.0278	0.0088	1.0591	-1.0986	-0.3052	0.3052	0.4010	2.2522	52.0093	34.2400	222	176	102 
0x50	24568.993	-0.0415	0.0024	1.0161	-0.6104	-0.0610	0.0000	0.1648	2.1478	52.0477	34.2300	222	174	102 
0x50	24569.094	-0.0435	-0.0044	1.0454	0.3662	0.7935	-0.3662	0.2087	2.2247	52.0258	34.2200	223	176	98 
0x50	24569.198	-0.0430	-0.0054	1.0308	-0.5493	-1.2207	0.0000	0.1208	2.1533	51.9928	34.2300	221	178	98 
0x50	24569.304	-0.0347	-0.0010	1.0347	2.0752	0.9766	-0.3052	0.1813	2.1753	51.9763	34.2300	222	174	101 
0x50	24569.397	-0.0303	0.0034	1.0474	-0.1221	0.0610	0.0000	0.2856	2.2192	51.9873	34.2400	225	176	98 
0x50	24569.505	-0.0288	0.0010	1.0303	-0.6104	0.0000	-0.2441	0.1923	2.1753	51.9928	34.2400	224	177	100 
0x50	24569.598	-0.0317	0.0000	1.0386	1.4648	0.5493	-0.0610	0.2582	2.1973	52.0148	34.2500	223	176	100 
0x50	24569.699	-0.0479	-0.0044	1.0356	-1.2817	0.1221	-0.6714	0.2802	2.2577	52.0367	34.2300	224	176	102 
0x50	24569.792	-0.0347	-0.0034	1.0332	-0.1831	-0.1221	-0.3662	0.2032	2.2357	51.9983	34.2400	224	175	97 
0x50	24569.907	-0.0361	0.0024	1.0356	0.4272	1.3428	0.0000	0.2802	2.2687	52.0148	34.2400	221	174	98 
0x50	24570.007	-0.0391	0.0024	1.0493	1.1597	0.8545	0.0610	0.4010	2.3126	52.0367	34.2400	225	174	100 
0x50	24570.107	-0.0356	0.0039	1.0381	-1.3428	-0.9155	-0.6104	0.3680	2.3181	52.0422	34.2500	225	178	98 
0x50	24570.206	-0.0337	0.0024	1.0269	1.7090	-0.1221	-0.6104	0.2802	2.2852	52.0367	34.2500	224	174	100 
0x50	24570.311	-0.0361	0.0020	1.0449	0.1221	0.0610	0.0000	0.3900	2.3016	52.0422	34.2400	224	178	99 
0x50	24570.406	-0.0366	0.0044	1.0347	0.3662	-0.3662	-0.3662	0.3516	2.2742	52.0422	34.2500	222	175	99 
0x50	24570.505	-0.0273	0.0059	1.0303	1.9531	0.6714	0.0610	0.3955	2.2687	52.0313	34.2500	223	177	98 
0x50	24570.605	-0.0308	0.0137	1.0503	0.0000	0.0610	0.1221	0.5438	2.3016	52.0642	34.2500	220	176	101