+StartTime: 2019-04-12 10:07:16.616
address	Time(s)	ax(g)	ay(g)	az(g)	wx(deg/s)	wy(deg/s)	wz(deg/s)	AngleX(deg)	AngleY(deg)	AngleZ(deg)	T(°)	hx	hy	hz 
0x50	24413.869	-0.0122	0.0820	1.0420	2.1973	-5.7373	0.9155	4.3011	0.7910	138.7244	34.9300	154	-167	54 
0x50	24413.977	0.0054	0.0854	1.0508	-0.5493	2.5024	0.6104	4.3671	0.4395	138.7738	34.9200	155	-167	54 
0x50	24414.055	-0.0088	0.0830	1.0337	-0.6104	3.6621	-0.1221	4.2847	0.8514	138.7189	34.9300	155	-166	57 
0x50	24414.195	-0.0171	0.0757	1.0479	-0.4883	-1.2207	1.0376	4.2242	0.9119	138.6859	34.9400	157	-168	52 
0x50	24414.258	-0.0039	0.0850	1.0537	-1.1597	0.9155	0.4883	4.1528	0.8734	138.7354	34.9400	155	-169	53 
0x50	24414.367	-0.0249	0.0713	1.0405	-0.9155	2.9297	-0.1221	4.0704	0.9448	138.6365	34.9500	154	-168	56 
0x50	24414.466	-0.0200	0.0762	1.0391	-3.8452	5.1270	0.5493	3.8562	1.4447	138.7189	34.9800	156	-170	53 
0x50	24414.561	-0.0361	0.0649	1.0571	-1.0376	0.0000	0.4272	3.6420	1.7084	138.6804	34.9700	156	-169	53 
0x50	24414.667	-0.0234	0.0713	1.0356	0.1831	-1.7090	1.8921	3.6859	1.4996	138.7024	34.9900	155	-169	51 
0x50	24414.776	-0.0225	0.0635	1.0459	-3.7842	5.2490	0.6714	3.4991	1.8127	138.6969	34.9700	156	-167	51 
0x50	24414.854	-0.0381	0.0659	1.0308	-0.1831	-0.8545	-0.1221	3.4113	2.0325	138.6475	34.9900	157	-167	50 
0x50	24414.995	-0.0356	0.0615	1.0420	-1.0376	-3.1738	0.9766	3.4442	1.8292	138.5596	35.0100	157	-168	52 
0x50	24415.065	-0.0103	0.0703	1.0562	-0.5493	-2.3804	0.7935	3.4442	1.4612	138.6365	35.0100	151	-170	52 
0x50	24415.158	-0.0347	0.0596	1.0454	-0.8545	4.4556	-0.6104	3.4058	1.6699	138.6090	35.0000	154	-168	55 
0x50	24415.267	-0.0313	0.0659	1.0342	1.1597	-2.0752	0.8545	3.3893	1.8073	138.7079	35.0200	152	-173	56 
0x50	24415.353	-0.0107	0.0742	1.0562	1.0376	-4.0283	0.0610	3.5101	1.2744	138.8177	35.0200	150	-169	56 
0x50	24415.467	-0.0190	0.0703	1.0410	-0.9766	5.1270	-0.4883	3.5321	1.3568	138.8123	35.0200	150	-168	55 
0x50	24415.558	-0.0283	0.0664	1.0415	0.1221	-0.6104	1.9531	3.4058	1.7358	138.8672	35.0600	153	-173	53 
0x50	24415.652	-0.0234	0.0737	1.0381	-1.2817	-1.7700	1.4648	3.4332	1.4996	138.9716	35.0500	154	-172	53 
0x50	24415.761	-0.0347	0.0518	1.0620	-5.6152	0.6714	0.1831	3.1036	1.5161	138.9771	35.0500	149	-172	53 
0x50	24415.855	-0.0269	0.0552	1.0586	2.6245	-2.1362	2.0752	2.8674	1.3513	139.1583	35.0700	141	-168	54 
0x50	24415.965	-0.0186	0.0659	1.0518	-1.1597	3.3569	0.7935	2.9333	1.3843	139.3890	35.0500	145	-171	56 
0x50	24416.066	-0.0356	0.0527	1.0581	2.0142	0.1831	0.2441	2.9608	1.5765	139.4330	35.0600	146	-171	51 
0x50	24416.160	-0.0298	0.0645	1.0225	3.5400	1.1597	0.4272	3.2080	1.5710	139.4989	35.0700	148	-172	51 
0x50	24416.266	-0.0283	0.0679	1.0107	-0.3052	2.6245	-0.9766	3.3014	1.7194	139.4879	35.0800	151	-168	52 
0x50	24416.366	-0.0303	0.0581	1.0483	2.0142	-3.9063	-0.2441	3.2190	1.5875	139.3616	35.1100	151	-169	52 
0x50	24416.466	-0.0073	0.0708	1.0405	0.7324	0.0000	0.6714	3.3838	1.2360	139.3890	35.0900	150	-167	52 
0x50	24416.565	-0.0283	0.0601	1.0586	-1.2817	2.9297	-0.1831	3.3508	1.5381	139.3396	35.1100	153	-169	53 
0x50	24416.665	-0.0317	0.0581	1.0532	1.1597	-2.7466	2.1362	3.3948	1.5656	139.3121	35.1100	156	-167	52 
0x50	24416.787	-0.0225	0.0757	1.0386	-0.4272	1.1597	0.7324	3.5431	1.4117	139.4220	35.1200	153	-164	53 
0x50	24416.866	-0.0361	0.0654	1.0562	-1.0986	-2.1362	-1.7700	3.4827	1.4282	139.2627	35.1300	153	-168	52 
0x50	24416.965	-0.0317	0.0581	1.0825	0.0000	-1.7700	0.3052	3.4442	1.2085	139.1418	35.1300	152	-171	51 
0x50	24417.065	-0.0122	0.0718	1.0405	1.2817	0.9766	0.5493	3.5651	1.1206	139.2297	35.1500	152	-169	51 
0x50	24417.166	-0.0176	0.0659	1.0454	1.2207	0.5493	-0.3662	3.5980	1.1536	139.2023	35.1600	154	-167	52 
0x50	24417.265	-0.0171	0.0737	1.0503	1.1597	1.0986	0.7324	3.6530	1.2195	139.1913	35.1700	154	-171	52 
0x50	24417.394	-0.0171	0.0684	1.0347	0.0610	1.4648	0.4883	3.6694	1.2689	139.2023	35.1700	154	-172	52 
0x50	24417.465	-0.0181	0.0688	1.0444	1.0376	-1.2207	1.6479	3.6090	1.2524	139.2407	35.1800	152	-170	52 
0x50	24417.565	-0.0063	0.0732	1.0410	0.9155	0.0000	1.2817	3.6584	1.0657	139.2902	35.1800	151	-170	48 
0x50	24417.664	-0.0186	0.0713	1.0405	-0.4883	3.5400	0.6104	3.6310	1.2634	139.2902	35.1800	152	-168	51 
0x50	24417.764	-0.0278	0.0659	1.0381	0.1831	-0.5493	0.4272	3.6310	1.4117	139.2133	35.1800	152	-168	52 
0x50	24417.864	-0.0239	0.0635	1.0366	-0.3662	-3.9673	1.9531	3.6749	1.2250	139.2078	35.2000	152	-168	52 
0x50	24417.964	-0.0112	0.0684	1.0386	-2.0752	1.0986	0.4883	3.7244	1.0767	139.2737	35.2200	152	-169	52 
0x50	24418.062	-0.0215	0.0684	1.0542	-0.6714	3.1128	0.0000	3.6035	1.4117	139.2352	35.1900	155	-166	54 
0x50	24418.156	-0.0342	0.0649	1.0396	1.1597	-2.6245	1.4648	3.6914	1.3843	139.1309	35.2200	158	-168	52 
0x50	24418.250	-0.0156	0.0732	1.0405	0.0610	2.8687	0.8545	3.7024	1.3019	139.1803	35.2300	155	-169	51 
0x50	24418.352	-0.0205	0.0688	1.0322	0.7324	1.5869	0.0610	3.6365	1.5601	139.1254	35.2500	156	-166	53 
0x50	24418.478	-0.0220	0.0698	1.0239	1.0376	-1.3428	0.6104	3.7134	1.4447	139.0375	35.2400	154	-163	52 
0x50	24418.563	-0.0117	0.0728	1.0410	0.3662	0.6104	1.1597	3.6859	1.3953	138.9990	35.2600	156	-165	48 
0x50	24418.673	-0.0166	0.0728	1.0317	0.0000	0.5493	0.1221	3.7079	1.4117	138.9606	35.2400	155	-168	52 
0x50	24418.749	-0.0244	0.0654	1.0298	-0.3052	-0.5493	0.6104	3.7244	1.4117	138.8837	35.2600	155	-165	50 
0x50	24418.858	-0.0112	0.0713	1.0415	-0.7935	0.0610	0.3052	3.6914	1.4172	138.8947	35.2600	156	-172	47 
0x50	24418.952	-0.0176	0.0698	1.0396	-0.0610	-0.5493	0.2441	3.7189	1.3678	138.9001	35.2800	156	-169	53 
0x50	24419.062	-0.0190	0.0688	1.0342	-0.8545	0.9766	0.6104	3.7189	1.3733	138.8727	35.2800	156	-168	48 
0x50	24419.159	-0.0142	0.0737	1.0547	0.7935	-1.6479	0.9766	3.6694	1.3403	138.8782	35.3000	155	-169	51 
0x50	24419.267	-0.0210	0.0703	1.0449	-0.6104	1.0986	0.1221	3.7299	1.2305	138.8397	35.3100	155	-167	50 
0x50	24419.360	-0.0234	0.0737	1.0449	0.5493	0.0000	0.3662	3.6694	1.3788	138.8232	35.3000	155	-167	49 
0x50	24419.454	-0.0239	0.0703	1.0488	0.3052	-0.7324	0.3052	3.6859	1.2579	138.7903	35.2900	156	-169	53 
0x50	24419.548	-0.0205	0.0679	1.0459	-0.1831	1.3428	0.4883	3.6420	1.2689	138.8013	35.3300	155	-171	50 
0x50	24419.663	-0.0156	0.0723	1.0337	0.9155	-0.0610	0.2441	3.6584	1.2634	138.8507	35.3200	155	-170	51 
0x50	24419.758	-0.0146	0.0693	1.0371	0.3662	0.7324	1.0986	3.6475	1.2469	138.8452	35.3200	151	-166	50 
0x50	24419.862	-0.0127	0.0723	1.0293	-0.1831	1.7700	0.7935	3.6475	1.3513	138.8617	35.3300	153	-169	53 
0x50	24419.952	-0.0220	0.0669	1.0405	0.6104	-0.4883	0.9155	3.6310	1.4337	138.8507	35.3400	150	-168	49 
0x50	24420.067	-0.0210	0.0718	1.0435	0.1831	0.6714	1.0986	3.6969	1.3568	138.8507	35.3400	154	-169	51 
0x50	24420.147	-0.0225	0.0698	1.0352	0.7324	1.2817	0.3662	3.6914	1.4832	138.8287	35.3500	158	-171	51 
0x50	24420.287	-0.0244	0.0703	1.0444	0.8545	-1.1597	1.1597	3.7354	1.4392	138.8068	35.3500	155	-166	50 
0x50	24420.350	-0.0186	0.0713	1.0425	-1.1597	1.7090	0.0610	3.7958	1.4172	138.7903	35.3700	155	-167	52 
0x50	24420.459	-0.0298	0.0679	1.0396	-0.3052	1.5259	-0.4883	3.7463	1.6479	138.7079	35.3700	155	-165	53 
0x50	24420.553	-0.0273	0.0713	1.0444	0.0000	-1.7700	0.2441	3.8013	1.6040	138.6859	35.3800	154	-167	52 
0x50	24420.667	-0.0234	0.0708	1.0420	-1.5869	0.0610	0.1831	3.8287	1.5601	138.6859	35.3900	156	-168	50 
0x50	24420.760	-0.0244	0.0732	1.0493	-0.1221	-0.0610	-0.1831	3.8342	1.5546	138.6694	35.4000	159	-169	49 
0x50	24420.885	-0.0283	0.0713	1.0537	-0.3052	-0.1831	0.0610	3.8342	1.5546	138.5980	35.4000	157	-166	50 
0x50	24420.948	-0.0269	0.0752	1.0532	0.0000	-0.7935	0.6714	3.8837	1.4777	138.5760	35.3900	158	-165	53 
0x50	24421.060	-0.0352	0.0728	1.0562	0.0000	0.8545	0.0000	3.8837	1.4941	138.4882	35.4200	158	-164	52 
0x50	24421.148	-0.0288	0.0723	1.0439	1.0986	0.1221	1.0376	3.8892	1.4886	138.4607	35.4200	156	-166	51 
0x50	24421.266	-0.0259	0.0767	1.0332	0.3052	0.6104	-0.5493	3.9551	1.4722	138.4607	35.4300	155	-167	47 
0x50	24421.352	-0.0278	0.0732	1.0449	0.3662	1.0986	0.6104	3.9386	1.5381	138.4607	35.4300	157	-167	50 
0x50	24421.447	-0.0205	0.0752	1.0313	0.6714	0.3052	0.7324	3.9716	1.5491	138.4442	35.4300	158	-166	46 
0x50	24421.560	-0.0229	0.0742	1.0337	0.5493	0.6104	1.4648	3.9771	1.5656	138.3618	35.4400	160	-164	49 
0x50	24421.645	-0.0234	0.0791	1.0352	0.1221	1.1597	0.6104	3.9825	1.6260	138.3344	35.4400	160	-167	52 
0x50	24421.746	-0.0269	0.0708	1.0386	-0.6714	0.5493	0.9155	3.9496	1.7084	138.2684	35.4400	159	-167	49 
0x50	24421.855	-0.0234	0.0762	1.0342	-0.1831	-0.6104	0.9155	3.9606	1.6919	138.2300	35.4600	162	-165	51 
0x50	24421.949	-0.0254	0.0737	1.0459	-0.4272	0.7935	0.1831	3.9331	1.6809	138.1476	35.4500	161	-166	48 
0x50	24422.073	-0.0273	0.0752	1.0415	-0.0610	0.3052	0.1831	3.9331	1.7578	138.1036	35.4600	158	-165	48 
0x50	24422.155	-0.0313	0.0742	1.0435	-0.3052	-1.3428	0.5493	3.9661	1.6974	138.0597	35.4600	159	-166	47 
0x50	24422.250	-0.0249	0.0771	1.0444	-0.7324	0.3052	0.1221	3.9661	1.6425	138.0322	35.4700	158	-164	48 
0x50	24422.344	-0.0259	0.0781	1.0391	0.2441	0.7935	0.4883	3.9551	1.7139	138.0048	35.4900	156	-167	49 
0x50	24422.453	-0.0293	0.0718	1.0444	-0.3052	-0.0610	1.1597	3.9496	1.7303	137.9663	35.4900	161	-166	50 
0x50	24422.547	-0.0210	0.0786	1.0376	0.4883	0.4272	0.5493	3.9606	1.7139	137.9718	35.4900	160	-169	50 
0x50	24422.659	-0.0225	0.0742	1.0342	-0.6104	0.4272	0.6104	3.9386	1.7413	137.9553	35.5100	158	-168	50 
0x50	24422.758	-0.0200	0.0742	1.0415	0.1221	-1.7090	0.9766	3.9166	1.6479	137.9059	35.5000	160	-165	50 
0x50	24422.875	-0.0190	0.0747	1.0249	0.4883	-0.3662	0.7324	3.9771	1.4667	137.8729	35.5100	158	-166	52 
0x50	24422.953	-0.0195	0.0742	1.0386	0.1221	-1.0376	0.9155	3.9661	1.4447	137.8564	35.5200	157	-168	51 
0x50	24423.046	-0.0205	0.0732	1.0332	-0.1831	-0.7324	0.7935	3.9935	1.3074	137.8619	35.5100	161	-166	49 
0x50	24423.148	-0.0195	0.0747	1.0376	0.6714	-2.1362	0.6104	4.0210	1.1591	137.8674	35.5200	157	-166	49 
0x50	24423.290	-0.0098	0.0771	1.0278	1.7700	-5.3101	-0.1831	4.1693	0.7306	137.8839	35.5200	158	-166	54 
0x50	24423.358	-0.0039	0.0791	1.0444	-0.6104	-2.3193	0.5493	4.2078	0.2527	137.8784	35.5200	158	-170	49 
0x50	24423.461	-0.0010	0.0859	1.0308	-1.3428	5.5542	1.2817	4.1199	0.5109	137.9608	35.5400	157	-167	51 
0x50	24423.558	-0.0200	0.0708	1.0293	0.3662	-2.4414	0.3662	4.0924	0.7141	137.8949	35.5400	157	-165	52 
0x50	24423.658	-0.0015	0.0791	1.0352	0.3662	0.6714	1.7700	4.1638	0.4230	137.9388	35.5500	157	-167	53 
0x50	24423.757	-0.0112	0.0811	1.0493	-1.4648	6.1035	-0.1221	4.0649	0.8020	138.0157	35.5500	152	-169	50 
0x50	24423.857	-0.0259	0.0708	1.0259	0.6714	-1.3428	0.2441	4.0814	1.0876	137.9663	35.5500	156	-165	51 
0x50	24423.958	-0.0039	0.0781	1.0215	1.3428	-2.2583	0.8545	4.2078	0.7855	138.0542	35.5600	156	-170	49 
0x50	24424.057	-0.0020	0.0830	1.0469	-1.2817	2.2583	-0.4883	4.1638	0.8350	138.0981	35.5700	158	-169	51 
0x50	24424.157	-0.0142	0.0752	1.0381	0.1221	-2.0752	0.2441	4.1858	0.8405	138.0652	35.5600	156	-168	49 
0x50	24424.257	-0.0024	0.0825	1.0508	-0.9155	0.0610	1.0376	4.2078	0.7416	138.1421	35.5800	155	-167	53 
0x50	24424.357	-0.0068	0.0825	1.0435	-0.3052	1.3428	-0.2441	4.2188	0.8020	138.1586	35.5800	158	-170	53 
0x50	24424.456	-0.0137	0.0786	1.0547	0.0000	1.0986	0.8545	4.1803	0.9558	138.1750	35.5700	157	-169	50 
0x50	24424.557	-0.0103	0.0835	1.0332	1.5259	-2.1362	0.1221	4.3066	0.7855	138.1915	35.6000	157	-171	50 
0x50	24424.657	-0.0146	0.0825	1.0591	-0.8545	3.7231	0.6104	4.2352	0.8954	138.2025	35.5900	159	-167	48 
0x50	24424.757	-0.0220	0.0815	1.0405	-0.1831	-0.1221	0.2441	4.2572	1.1096	138.1531	35.6100	158	-164	50 
0x50	24424.856	-0.0132	0.0825	1.0361	1.4648	-3.1128	2.5024	4.3561	0.9064	138.1421	35.6000	163	-169	49 
0x50	24424.956	0.0005	0.0869	1.0483	-0.9155	2.7466	1.8311	4.3671	0.8350	138.1970	35.6000	159	-165	47 
0x50	24425.050	-0.0171	0.0796	1.0410	1.1597	0.2441	0.5493	4.3506	1.1041	138.1586	35.6100	157	-166	48 
0x50	24425.151	-0.0171	0.0811	1.0342	0.2441	-0.6104	1.3428	4.4330	0.9668	138.1750	35.6200	160	-168	51 
0x50	24425.250	-0.0088	0.0859	1.0444	-1.1597	3.0518	0.6104	4.3451	1.1316	138.2025	35.6200	156	-166	48 
0x50	24425.360	-0.0254	0.0786	1.0405	0.6714	-0.7935	0.1221	4.3451	1.2140	138.1201	35.6400	157	-163	51 
0x50	24425.456	-0.0166	0.0835	1.0366	-0.3052	0.6714	0.8545	4.3671	1.1316	138.0762	35.6400	157	-163	52 
0x50	24425.544	-0.0122	0.0840	1.0381	0.8545	0.5493	0.9766	4.3616	1.1755	138.0762	35.6400	157	-165	45 
0x50	24425.656	-0.0112	0.0820	1.0313	0.0610	0.3662	0.4272	4.3671	1.2250	138.0267	35.6400	162	-165	49 
0x50	24425.754	-0.0200	0.0806	1.0522	-0.2441	-0.8545	0.6714	4.3616	1.1426	137.9333	35.6500	159	-164	52 
0x50	24425.848	-0.0088	0.0869	1.0283	0.1831	0.8545	0.0610	4.4000	1.1371	137.9169	35.6400	156	-167	50 
0x50	24425.950	-0.0210	0.0796	1.0415	0.5493	-1.2207	1.0376	4.4000	1.1041	137.8729	35.6600	160	-164	49 
0x50	24426.044	-0.0117	0.0864	1.0430	-0.1221	-0.5493	1.7700	4.4275	0.9229	137.8619	35.6600	162	-166	51 
0x50	24426.155	-0.0078	0.0854	1.0527	0.2441	0.3662	-0.4883	4.3781	0.9119	137.7960	35.6500	159	-163	51 
0x50	24426.249	-0.0225	0.0801	1.0308	0.0000	1.6479	0.0000	4.4275	0.9448	137.7081	35.6400	158	-165	52 
0x50	24426.345	-0.0112	0.0835	1.0474	0.2441	-0.9766	1.8311	4.3561	1.0382	137.7740	35.6600	158	-166	52 
0x50	24426.455	-0.0029	0.0864	1.0386	1.0376	-2.5635	0.9766	4.4714	0.6812	137.7960	35.6600	159	-166	49 
0x50	24426.580	-0.0181	0.0801	1.0449	-1.2207	4.2725	0.3052	4.4220	0.8350	137.7356	35.6600	159	-164	49 
0x50	24426.642	-0.0146	0.0806	1.0337	1.0986	-1.5869	1.5869	4.3945	0.9503	137.7466	35.6800	160	-167	48 
0x50	24426.751	-0.0015	0.0889	1.0361	0.6714	-1.4648	0.6714	4.4824	0.6482	137.8400	35.6700	156	-167	48 
0x50	24426.851	-0.0063	0.0845	1.0435	0.0000	1.2817	0.8545	4.4165	0.6921	137.8674	35.6900	158	-166	51 
0x50	24426.960	-0.0054	0.0869	1.0342	0.3052	-0.1831	0.4883	4.4440	0.7086	137.8290	35.6800	157	-167	52 
0x50	24427.054	-0.0063	0.0850	1.0366	1.4648	-0.6714	0.7935	4.5374	0.5658	137.8235	35.7000	160	-169	49 
0x50	24427.163	-0.0103	0.0869	1.0356	-0.3052	2.6245	0.6104	4.5593	0.6866	137.8290	35.7000	160	-166	52 
0x50	24427.241	-0.0103	0.0854	1.0386	-0.2441	-2.6245	0.7324	4.5428	0.7306	137.7905	35.7000	160	-164	49 
0x50	24427.378	0.0059	0.0933	1.0371	2.7466	-6.5308	0.9155	4.7571	0.1703	137.8455	35.7100	158	-167	51 
0x50	24427.440	0.0020	0.0874	1.0317	-2.8687	7.5073	-0.6104	4.8175	0.1538	137.8180	35.7000	159	-168	50 
0x50	24427.541	-0.0103	0.0898	1.0493	-1.2817	5.1880	-0.4272	4.5264	1.0272	137.8180	35.7100	159	-165	53 
0x50	24427.652	-0.0181	0.0801	1.0366	1.2817	-4.6387	0.7324	4.6307	0.7910	137.7466	35.7100	163	-167	49 
0x50	24427.746	-0.0049	0.0908	1.0400	-1.7700	4.0894	-0.3662	4.6362	0.7800	137.7411	35.7200	163	-165	51 
0x50	24427.839	-0.0229	0.0840	1.0532	0.1831	0.9766	-0.5493	4.5044	1.1646	137.6587	35.7300	160	-164	52 
0x50	24427.949	-0.0166	0.0845	1.0400	0.0610	-1.6479	0.3662	4.6033	0.9888	137.5763	35.7200	165	-167	50 
0x50	24428.051	-0.0117	0.0918	1.0474	-0.2441	2.1973	0.6104	4.5538	1.1096	137.5983	35.7300	162	-165	48 
0x50	24428.161	-0.0264	0.0835	1.0493	-0.0610	0.0000	0.1221	4.5428	1.1865	137.5323	35.7300	164	-163	51 
0x50	24428.250	-0.0225	0.0830	1.0444	-0.2441	0.0000	0.6714	4.5483	1.1755	137.4994	35.7300	162	-167	50 
0x50	24428.375	-0.0122	0.0874	1.0479	-0.5493	0.4883	0.1831	4.5209	1.1975	137.5214	35.7400	161	-168	48 
0x50	24428.438	-0.0200	0.0850	1.0410	0.5493	0.6104	0.0000	4.5209	1.2140	137.5049	35.7500	163	-167	50 
0x50	24428.547	-0.0151	0.0869	1.0352	1.0376	-0.4883	0.7935	4.5483	1.2195	137.4664	35.7600	161	-164	49 
0x50	24428.655	-0.0107	0.0874	1.0396	0.2441	-0.3662	0.7935	4.5923	1.0767	137.4884	35.7600	158	-166	50 
0x50	24428.741	-0.0151	0.0908	1.0356	0.1221	2.3804	0.6714	4.5923	1.1700	137.4884	35.7700	161	-164	51 
0x50	24428.852	-0.0210	0.0791	1.0317	-0.3662	-0.4272	1.0376	4.5813	1.2689	137.4060	35.7600	162	-164	51 
0x50	24428.951	-0.0103	0.0874	1.0322	-0.1831	0.1831	1.2817	4.5978	1.2250	137.3950	35.7800	162	-168	47 
0x50	24429.040	-0.0264	0.0850	1.0542	-2.1973	2.3804	0.0000	4.5209	1.4117	137.3511	35.7600	164	-165	48 
0x50	24429.146	-0.0239	0.0850	1.0420	-0.9155	0.8545	0.0000	4.4989	1.6534	137.3346	35.7700	162	-168	50 
0x50	24429.240	-0.0313	0.0815	1.0444	-0.7324	-0.1831	0.0000	4.5209	1.6370	137.2961	35.7900	164	-168	49 
0x50	24429.345	-0.0220	0.0869	1.0425	-0.1831	-0.2441	0.4272	4.5209	1.6589	137.2961	35.7900	160	-166	53 
0x50	24429.439	-0.0259	0.0854	1.0503	-0.9766	1.2817	-0.1831	4.5209	1.6315	137.2687	35.7900	163	-165	50 
0x50	24429.579	-0.0225	0.0874	1.0474	-0.1221	0.0000	0.2441	4.4824	1.7413	137.2467	35.7900	165	-167	49 
0x50	24429.650	-0.0278	0.0859	1.0444	0.0610	-0.2441	0.3052	4.5209	1.6809	137.2083	35.7900	163	-164	50 
0x50	24429.744	-0.0254	0.0879	1.0454	0.3052	0.1221	0.4272	4.5374	1.6754	137.1753	35.7900	166	-167	51 
0x50	24429.850	-0.0308	0.0840	1.0449	0.6104	0.3052	1.2207	4.5209	1.6809	137.1533	35.8000	164	-167	46 
0x50	24429.944	-0.0361	0.0835	1.0503	-0.0610	0.6104	0.2441	4.5154	1.7084	137.0929	35.8300	166	-165	48 
0x50	24430.052	-0.0352	0.0859	1.0425	2.0752	-0.1221	1.4648	4.5209	1.6479	137.0599	35.8000	162	-167	48 
0x50	24430.151	-0.0293	0.0840	1.0308	-0.9766	2.1362	0.3662	4.5428	1.6974	137.0599	35.8000	168	-169	51 
0x50	24430.251	-0.0244	0.0845	1.0239	0.4883	0.1831	0.4883	4.5099	1.8073	137.0599	35.8200	164	-168	49 
0x50	24430.351	-0.0293	0.0830	1.0303	-0.3052	-0.4272	0.6104	4.5099	1.7358	137.0325	35.8300	163	-164	50 
0x50	24430.451	-0.0249	0.0845	1.0376	-0.4883	-1.2207	1.0376	4.4934	1.6919	136.9940	35.8100	165	-165	49 
0x50	24430.550	-0.0278	0.0820	1.0400	-1.1597	-0.3052	0.6104	4.4934	1.6425	136.9611	35.8400	165	-165	47 
0x50	24430.651	-0.0205	0.0850	1.0381	-1.1597	-0.6714	1.3428	4.4604	1.6260	136.9666	35.8500	163	-167	51 
0x50	24430.751	-0.0195	0.0815	1.0454	-1.4648	-0.1221	0.9155	4.4220	1.6040	137.0160	35.8400	161	-171	48 
0x50	24430.851	-0.0176	0.0854	1.0396	-0.5493	0.4272	0.6714	4.4000	1.6425	137.0435	35.8400	163	-166	50 
0x50	24430.950	-0.0269	0.0796	1.0469	0.0000	-0.3662	1.0986	4.3835	1.6315	136.9995	35.8600	165	-168	49 
0x50	24431.050	-0.0186	0.0854	1.0298	-0.6714	-0.2441	-0.0610	4.4495	1.6040	137.0105	35.8600	163	-164	50 
0x50	24431.150	-0.0229	0.0825	1.0425	-0.4272	0.1831	0.1831	4.4275	1.6479	136.9940	35.8700	159	-168	49 
0x50	24431.250	-0.0244	0.0825	1.0313	-0.1831	1.2207	-0.3052	4.4495	1.7084	137.0215	35.8900	158	-166	48 
0x50	24431.350	-0.0278	0.0859	1.0386	0.2441	-0.1221	0.2441	4.4495	1.7523	137.0215	35.8700	162	-165	47 
0x50	24431.450	-0.0303	0.0835	1.0415	-0.3662	0.1221	0.0000	4.4659	1.7249	136.9775	35.8800	164	-163	48 
0x50	24431.550	-0.0322	0.0806	1.0430	0.1831	-0.9155	0.6714	4.4440	1.7194	136.9501	35.8800	162	-168	46 
0x50	24431.649	-0.0239	0.0879	1.0479	0.1221	-1.5869	0.3052	4.5154	1.4777	136.9885	35.8900	162	-167	50 
0x50	24431.740	-0.0269	0.0845	1.0518	-0.6714	2.1973	0.1221	4.4714	1.5436	136.9995	35.8800	162	-167	51 
0x50	24431.849	-0.0342	0.0830	1.0410	0.9766	-2.3804	0.4272	4.5264	1.5271	136.9940	35.8800	162	-164	48 
0x50	24431.950	-0.0215	0.0879	1.0488	-1.0376	-1.5869	0.4883	4.5648	1.2909	137.0215	35.8800	160	-166	48 
0x50	24432.073	-0.0186	0.0850	1.0435	-0.9155	2.9907	0.1221	4.5319	1.3788	137.0215	35.8900	159	-167	49 
0x50	24432.144	-0.0215	0.0840	1.0171	-0.6104	0.7935	-0.3662	4.5428	1.6534	137.0270	35.8900	162	-163	48 
0x50	24432.280	-0.0205	0.0806	1.0532	0.0610	-3.6011	1.0376	4.5264	1.4722	136.9611	35.8800	162	-165	50 
0x50	24432.345	-0.0122	0.0928	1.0356	0.0000	0.9766	0.7324	4.6198	1.3074	137.0270	35.9000	163	-167	51 
0x50	24432.439	-0.0308	0.0854	1.0483	-0.0610	1.0376	0.4272	4.5703	1.5106	136.9940	35.9000	164	-165	52 
0x50	24432.548	-0.0278	0.0894	1.0542	0.3662	-1.7090	0.9155	4.6088	1.4392	136.9940	35.8900	164	-166	51 
0x50	24432.659	-0.0259	0.0879	1.0444	-0.8545	1.0376	0.1221	4.6362	1.3458	136.9940	35.9100	161	-168	54 
0x50	24432.740	-0.0254	0.0864	1.0474	0.0610	-0.4272	0.6104	4.6033	1.4282	137.0270	35.8900	163	-167	50 
0x50	24432.851	-0.0215	0.0845	1.0420	0.0000	-0.1831	0.1831	4.6417	1.2964	137.0215	35.9000	164	-165	52 
0x50	24432.945	-0.0200	0.0864	1.0459	0.3052	0.6104	0.6714	4.6198	1.3568	137.0490	35.9100	161	-166	48 
0x50	24433.039	-0.0220	0.0884	1.0278	0.9766	0.0000	1.1597	4.6967	1.2744	137.0544	35.8900	161	-168	52 
0x50	24433.148	-0.0215	0.0879	1.0322	0.1831	1.8921	1.0986	4.6637	1.3293	137.0929	35.8900	161	-168	54 
0x50	24433.242	-0.0176	0.0874	1.0283	0.2441	0.4883	0.7935	4.6362	1.4337	137.1039	35.9000	160	-169	53 
0x50	24433.347	-0.0220	0.0884	1.0190	1.5259	-1.6479	0.4883	4.7131	1.2744	137.1094	35.9000	160	-169	52 
0x50	24433.458	-0.0200	0.0850	1.0410	-2.0752	1.4648	1.6479	4.6362	1.3019	137.1368	35.9100	162	-166	50 
0x50	24433.541	-0.0195	0.0874	1.0464	1.7700	-0.1831	1.1597	4.5868	1.3403	137.1753	35.9200	163	-170	50 
0x50	24433.668	-0.0298	0.0845	1.0322	0.1221	2.2583	0.9155	4.6252	1.4117	137.1753	35.9300	165	-169	51 
0x50	24433.737	-0.0249	0.0884	1.0469	0.3662	-1.2817	1.2207	4.5978	1.4612	137.1918	35.9200	163	-167	50 
0x50	24433.877	-0.0278	0.0850	1.0386	0.0610	0.7324	0.1221	4.6527	1.2909	137.1368	35.9200	164	-167	47 
0x50	24433.940	-0.0278	0.0869	1.0400	0.3052	1.2817	0.8545	4.5868	1.4502	137.1313	35.9400	163	-165	48 
0x50	24434.047	-0.0269	0.0869	1.0386	0.4883	-1.9531	0.8545	4.6252	1.3074	137.1259	35.9300	160	-166	49 
0x50	24434.144	-0.0195	0.0869	1.0327	0.1831	0.7935	0.7935	4.6472	1.2195	137.1588	35.9300	163	-167	50 
0x50	24434.247	-0.0176	0.0864	1.0220	-1.1597	1.2817	0.3052	4.6033	1.3403	137.1753	35.9500	162	-161	48 
0x50	24434.335	-0.0249	0.0854	1.0356	2.1362	-3.4180	0.6714	4.6033	1.2140	137.1313	35.9600	162	-165	51 
0x50	24434.475	-0.0112	0.0923	1.0420	-1.4038	1.5869	0.8545	4.6692	1.0162	137.1588	35.9400	160	-165	51 
0x50	24434.538	-0.0303	0.0806	1.0410	-1.9531	4.0283	0.0610	4.5428	1.4392	137.1313	35.9600	161	-166	49 
0x50	24434.647	-0.0205	0.0859	1.0273	0.3052	-3.2349	1.4038	4.5483	1.4777	137.1368	35.9600	164	-166	51 
0x50	24434.741	-0.0195	0.0835	1.0552	-0.9155	0.1831	1.1597	4.5483	1.2634	137.1533	35.9500	162	-167	50 
0x50	24434.835	-0.0146	0.0889	1.0313	-0.2441	0.7935	0.0610	4.5593	1.4008	137.1643	35.9500	162	-172	50 
0x50	24434.935	-0.0269	0.0815	1.0415	-0.2441	-0.6714	0.6714	4.5593	1.3843	137.1423	35.9500	159	-170	52 
0x50	24435.074	-0.0195	0.0874	1.0479	-0.4883	0.0610	0.9155	4.5593	1.3678	137.1863	35.9800	162	-165	52 
0x50	24435.145	-0.0229	0.0859	1.0425	0.7935	-2.1362	0.6104	4.6198	1.2799	137.1918	35.9800	161	-170	51 
0x50	24435.239	-0.0186	0.0869	1.0479	-1.2207	1.7700	0.4883	4.6362	1.1755	137.2412	35.9800	160	-168	54 
0x50	24435.333	-0.0254	0.0874	1.0435	0.1221	1.4648	-0.3052	4.5978	1.3843	137.2467	35.9700	162	-169	54 
0x50	24435.446	-0.0273	0.0806	1.0420	0.6714	-0.4272	0.6104	4.6143	1.3568	137.1973	35.9900	165	-165	52 
0x50	24435.539	-0.0210	0.0874	1.0503	0.3662	0.1221	1.4648	4.6252	1.3019	137.2357	36.0000	160	-166	51 
0x50	24435.649	-0.0273	0.0840	1.0420	0.3662	0.5493	0.4883	4.6637	1.2909	137.2357	36.0000	160	-166	51 
0x50	24435.744	-0.0225	0.0898	1.0391	1.0376	1.0376	0.8545	4.6527	1.3239	137.2522	36.0000	165	-169	55 
0x50	24435.838	-0.0225	0.0840	1.0449	0.6714	-0.9766	0.3052	4.6802	1.3129	137.2247	36.0100	162	-164	53 
0x50	24435.931	-0.0200	0.0884	1.0293	-0.3662	1.0986	1.0376	4.7516	1.2250	137.2137	36.0200	164	-164	51 
0x50	24436.041	-0.0127	0.0874	1.0513	0.3662	1.0376	0.5493	4.6802	1.4282	137.2412	36.0200	163	-167	49 
0x50	24436.142	-0.0156	0.0889	1.0352	0.2441	0.0610	0.1831	4.7406	1.3953	137.2247	36.0200	160	-167	50 
0x50	24436.230	-0.0205	0.0889	1.0493	-1.2817	0.6714	0.1831	4.6747	1.4777	137.2687	36.0300	162	-167	49 
0x50	24436.336	-0.0239	0.0889	1.0498	0.3662	-1.7700	0.2441	4.6857	1.4008	137.2687	36.0200	160	-167	51 
0x50	24436.430	-0.0220	0.0889	1.0420	-0.1831	0.5493	0.6104	4.7241	1.3184	137.2906	36.0300	160	-168	50 
0x50	24436.537	-0.0278	0.0874	1.0483	-0.1831	0.6104	0.3662	4.6912	1.3953	137.3291	36.0300	162	-169	51 
0x50	24436.631	-0.0229	0.0864	1.0508	0.2441	-0.9766	0.4883	4.7131	1.3239	137.3456	36.0300	162	-167	49 
0x50	24436.747	-0.0161	0.0942	1.0366	-0.0610	0.9766	0.0610	4.7736	1.3129	137.3785	36.0400	162	-166	53 
0x50	24436.841	-0.0273	0.0854	1.0479	-0.3662	0.1221	0.0610	4.7406	1.3843	137.3401	36.0400	163	-170	50 
0x50	24436.945	-0.0215	0.0898	1.0381	1.2817	-0.4883	0.7324	4.7845	1.3184	137.3236	36.0400	162	-162	48 
0x50	24437.044	-0.0186	0.0913	1.0430	0.3052	-0.7324	0.6714	4.8175	1.2030	137.2961	36.0500	165	-169	48 
0x50	24437.144	-0.0176	0.0889	1.0405	-1.2817	1.3428	0.0000	4.8120	1.2360	137.2742	36.0500	163	-169	53 
0x50	24437.244	-0.0220	0.0879	1.0479	-0.4883	-1.0376	-0.0610	4.7845	1.2964	137.2852	36.0500	161	-170	52 
0x50	24437.344	-0.0186	0.0898	1.0420	-0.3052	0.0000	0.6104	4.7955	1.2140	137.2906	36.0700	164	-169	51 
0x50	24437.444	-0.0210	0.0894	1.0479	-0.4272	0.3052	0.1831	4.7681	1.2415	137.2852	36.0600	164	-165	53 
0x50	24437.544	-0.0244	0.0874	1.0444	0.1831	-1.4648	0.7935	4.7681	1.1755	137.2412	36.0800	163	-165	53 
0x50	24437.644	-0.0190	0.0918	1.0469	-0.1221	0.3052	1.0986	4.7900	1.0602	137.3016	36.0800	158	-169	53 
0x50	24437.768	-0.0225	0.0884	1.0415	0.0610	0.1831	0.3662	4.7845	1.0767	137.3181	36.0800	162	-165	51 
0x50	24437.844	-0.0186	0.0933	1.0405	0.6714	-0.6104	1.8921	4.7791	1.0492	137.3291	36.0900	163	-166	47 
0x50	24437.951	-0.0137	0.0898	1.0435	0.0610	-1.1597	0.9155	4.7955	0.9613	137.3511	36.0900	159	-169	54 
0x50	24438.044	-0.0054	0.0889	1.0352	1.7090	-2.0142	1.1597	4.8889	0.6262	137.3566	36.1000	160	-163	55 
0x50	24438.148	-0.0146	0.0894	1.0479	-1.9531	4.7607	0.8545	4.8120	0.8459	137.4115	36.0700	158	-169	50 
0x50	24438.243	-0.0132	0.0894	1.0459	0.4272	-2.1973	0.9766	4.7681	0.9613	137.4939	36.0900	156	-172	52 
0x50	24438.343	-0.0083	0.0889	1.0352	0.2441	0.3052	0.7935	4.8230	0.7526	137.5708	36.1000	154	-168	50 
0x50	24438.444	-0.0112	0.0898	1.0444	0.0000	0.1831	0.1221	4.7791	0.8679	137.5873	36.0800	163	-167	54 
0x50	24438.543	-0.0142	0.0864	1.0366	1.0986	-2.9297	0.6104	4.8889	0.6702	137.5818	36.1000	158	-168	54 
0x50	24438.643	-0.0083	0.0933	1.0537	-1.6479	4.7607	-0.1221	4.8560	0.7141	137.6917	36.1000	160	-168	52 
0x50	24438.736	-0.0205	0.0898	1.0552	-0.2441	0.2441	-0.2441	4.7516	1.0712	137.6862	36.1000	158	-168	52 
0x50	24438.843	-0.0229	0.0845	1.0508	0.4883	-2.3804	1.2207	4.8285	0.8405	137.6477	36.1200	160	-165	51 
0x50	24438.929	-0.0068	0.1011	1.0430	0.2441	1.6479	0.0000	4.8450	0.7855	137.7246	36.1100	157	-165	53 
0x50	24439.038	-0.0225	0.0864	1.0522	-0.0610	0.0000	0.0610	4.7791	0.8789	137.6642	36.1300	161	-166	50 
0x50	24439.132	-0.0059	0.0933	1.0371	1.0376	-0.6104	0.5493	4.8340	0.7745	137.6587	36.1200	160	-168	48 
0x50	24439.242	-0.0137	0.0894	1.0283	-0.2441	2.3193	-0.4272	4.8889	0.8075	137.6587	36.1300	159	-169	49 
0x50	24439.358	-0.0122	0.0938	1.0405	0.0000	0.9155	0.3662	4.8230	1.0217	137.7026	36.1100	158	-166	55 
0x50	24439.436	-0.0098	0.0908	1.0317	0.2441	-0.9155	0.0000	4.8669	0.9283	137.6862	36.1200	161	-168	50 
0x50	24439.568	-0.0117	0.0903	1.0371	-0.3662	0.2441	0.5493	4.8560	0.9009	137.6587	36.1200	161	-168	50 
0x50	24439.631	-0.0117	0.0894	1.0391	-0.3662	-0.4883	0.1831	4.8560	0.8899	137.6587	36.1200	160	-168	50 
0x50	24439.731	-0.0103	0.0898	1.0405	-0.7324	0.0000	0.4272	4.8450	0.8789	137.7136	36.1400	161	-169	49 
0x50	24439.840	-0.0112	0.0942	1.0439	-0.3662	-0.6714	0.2441	4.8560	0.8569	137.7301	36.1300	160	-168	53 
0x50	24439.934	-0.0117	0.0908	1.0396	-0.2441	0.4272	0.9155	4.8560	0.8679	137.7136	36.1400	158	-165	52 
0x50	24440.028	-0.0127	0.0894	1.0479	-1.2817	-0.9155	0.3662	4.8505	0.8679	137.6971	36.1300	159	-167	51 
0x50	24440.168	-0.0049	0.0918	1.0332	0.3052	0.0610	0.1221	4.8889	0.8130	137.7026	36.1300	161	-167	52 
0x50	24440.248	-0.0132	0.0884	1.0566	-0.3662	0.2441	0.3052	4.8285	0.8459	137.6917	36.1200	158	-169	50 
0x50	24440.328	-0.0078	0.0938	1.0259	0.6714	-0.6104	0.4272	4.9164	0.8075	137.7411	36.1400	158	-169	53 
0x50	24440.438	-0.0015	0.0938	1.0439	0.1221	-0.8545	0.4272	4.9548	0.6592	137.7960	36.1400	162	-171	49 
0x50	24440.531	-0.0063	0.0947	1.0430	-1.2207	1.8311	-0.0610	4.9493	0.7416	137.7905	36.1500	163	-167	50 
0x50	24440.641	-0.0132	0.0918	1.0376	-0.2441	-1.4648	0.1831	4.9329	0.8130	137.7081	36.1400	165	-168	46 
0x50	24440.742	-0.0029	0.0947	1.0464	-0.6104	-1.8921	1.0986	4.9548	0.6152	137.6917	36.1400	161	-167	52 
0x50	24440.828	-0.0093	0.0933	1.0508	-1.5869	1.7090	-0.2441	4.9164	0.6647	137.7026	36.1300	160	-171	50 
0x50	24440.929	-0.0117	0.0903	1.0586	0.3662	-1.2817	0.1221	4.8834	0.6976	137.7081	36.1400	157	-167	48 
0x50	24441.038	-0.0107	0.0898	1.0459	-0.6104	-0.8545	0.9766	4.9384	0.5823	137.7466	36.1400	159	-167	49 
0x50	24441.139	-0.0049	0.0967	1.0498	-0.8545	0.4883	-0.5493	4.9274	0.5383	137.8180	36.1200	157	-168	51 
0x50	24441.233	-0.0225	0.0825	1.0493	0.0000	0.4883	-0.2441	4.8944	0.6427	137.7576	36.1400	157	-170	51 
0x50	24441.361	-0.0078	0.0952	1.0361	-0.4883	-0.5493	-0.0610	4.9438	0.5933	137.8180	36.1400	158	-171	53 
0x50	24441.439	-0.0117	0.0933	1.0635	0.1831	1.4648	-0.2441	4.8834	0.5933	137.8400	36.1600	163	-167	50 
0x50	24441.538	-0.0215	0.0884	1.0444	0.0000	1.5869	0.1221	4.8779	0.7635	137.7850	36.1500	161	-167	51 
0x50	24441.640	-0.0049	0.0962	1.0361	1.6479	-1.7090	0.7324	4.9274	0.6427	137.8235	36.1600	160	-169	50 
0x50	24441.729	-0.0083	0.0938	1.0332	0.2441	2.1362	0.1221	4.9438	0.5823	137.8290	36.1600	159	-169	52 
0x50	24441.828	-0.0171	0.0898	1.0303	0.7935	1.1597	0.3052	4.8944	0.7635	137.8070	36.1400	158	-168	54 
0x50	24441.938	-0.0068	0.0957	1.0332	1.4038	-1.3428	0.6104	4.9384	0.6537	137.8345	36.1700	158	-167	51 
0x50	24442.032	-0.0054	0.0947	1.0366	-0.2441	1.8921	0.6104	4.9219	0.6757	137.8455	36.1700	160	-169	50 
0x50	24442.133	-0.0142	0.0884	1.0386	0.9155	-0.3052	0.7935	4.9164	0.7196	137.8180	36.1600	163	-167	49 
0x50	24442.242	-0.0068	0.0957	1.0522	0.0610	-0.1221	0.3052	4.9329	0.6317	137.8345	36.1600	159	-166	50 
0x50	24442.330	-0.0083	0.0923	1.0444	0.4272	1.0376	-0.1221	4.9493	0.6702	137.8235	36.1700	160	-170	49 
0x50	24442.440	-0.0132	0.0923	1.0356	0.0000	-0.7324	-0.2441	5.0098	0.6592	137.7850	36.1700	163	-168	46 
0x50	24442.533	-0.0059	0.0928	1.0566	1.2207	-1.4038	0.9766	5.0262	0.4944	137.7521	36.1600	162	-170	51 
0x50	24442.627	-0.0078	0.0942	1.0386	-0.7324	3.1128	-0.2441	5.0812	0.5438	137.7411	36.1700	162	-167	49 
0x50	24442.736	-0.0176	0.0898	1.0459	1.7090	-1.8311	0.6104	5.0427	0.6757	137.7026	36.1800	160	-166	51 
0x50	24442.848	-0.0122	0.0972	1.0547	0.3662	-2.1973	0.9766	5.1855	0.2527	137.7136	36.1800	162	-166	47 
0x50	24442.929	-0.0083	0.1016	1.0527	-0.3662	4.8828	-0.2441	5.1141	0.4504	137.7301	36.1800	161	-167	50 
0x50	24443.038	-0.0229	0.0898	1.0420	0.6104	-0.2441	0.0610	5.0702	0.6921	137.6642	36.1700	159	-164	50 
0x50	24443.132	-0.0010	0.0981	1.0479	0.9155	-2.5024	1.1597	5.1361	0.4230	137.7136	36.1800	160	-168	50 
0x50	24443.241	-0.0054	0.0981	1.0474	-0.2441	2.3193	0.0000	5.1416	0.4065	137.6971	36.1800	164	-167	50 
0x50	24443.332	-0.0156	0.0928	1.0435	0.0000	0.4883	0.0610	5.1031	0.5658	137.6532	36.2100	161	-166	51 
0x50	24443.426	-0.0059	0.0977	1.0498	0.1221	-1.0986	0.0000	5.1251	0.4614	137.6862	36.2200	159	-169	49 
0x50	24443.526	-0.0049	0.1001	1.0459	0.0610	1.0986	-0.0610	5.1416	0.4340	137.6917	36.2000	159	-168	52 
0x50	24443.635	-0.0088	0.0957	1.0405	-0.4272	-0.0610	0.5493	5.1251	0.5548	137.6587	36.2100	163	-168	47 
0x50	24443.739	-0.0029	0.0986	1.0337	1.4038	-0.5493	1.0376	5.1691	0.4120	137.6532	36.2000	162	-171	46 
0x50	24443.839	-0.0024	0.1016	1.0405	-0.1831	2.3193	0.7324	5.1361	0.5164	137.6642	36.2200	165	-170	48 
0x50	24443.938	-0.0039	0.0991	1.0308	0.4883	-1.2207	1.3428	5.1636	0.5438	137.6532	36.2200	161	-167	51 
0x50	24444.038	0.0054	0.0967	1.0376	-0.1831	-0.3052	1.0376	5.1801	0.4175	137.6147	36.2100	164	-164	46 
0x50	24444.139	-0.0093	0.0947	1.0361	-1.8311	1.7700	0.2441	5.1526	0.5438	137.5653	36.2300	159	-165	48