StartTime: 2019-04-12 10:05:03.649
address	Time(s)	ax(g)	ay(g)	az(g)	wx(deg/s)	wy(deg/s)	wz(deg/s)	AngleX(deg)	AngleY(deg)	AngleZ(deg)	T(°)	hx	hy	hz 
0x50	20105.165	0.0684	0.0269	1.0293	1.2817	0.3662	-1.0986	1.3019	-2.9773	27.1088	36.8800	142	261	83 
0x50	20105.258	0.0708	0.0210	1.0273	3.7231	-0.8545	1.9531	1.5381	-3.2739	27.2296	36.8800	144	258	84 
0x50	20105.368	0.0654	0.0239	1.0400	3.5400	-1.8311	1.8921	1.7908	-3.6420	27.5647	36.8900	142	260	83 
0x50	20105.496	0.0674	0.0303	1.0293	0.5493	-1.5259	0.6714	2.0160	-3.9935	27.6636	36.8800	141	260	83 
0x50	20105.559	0.0884	0.0347	1.0464	1.6479	-0.9155	-1.0376	2.0819	-4.0869	27.5647	36.8800	140	257	84 
0x50	20105.666	0.0786	0.0332	1.0391	-0.5493	-1.3428	0.3052	2.0929	-4.2352	27.6141	36.8900	141	258	83 
0x50	20105.760	0.0781	0.0215	1.0352	-0.3052	-1.5869	0.9155	1.9940	-4.3835	27.5537	36.9000	142	262	85 
0x50	20105.862	0.1104	0.0317	1.0391	0.1831	1.0986	-1.5869	2.0654	-4.4055	27.5812	36.8800	140	257	90 
0x50	20105.971	0.0771	0.0210	1.0293	-3.5400	-0.1221	10.5591	1.7358	-4.4440	27.9437	36.8900	139	261	89 
0x50	20106.072	0.0615	0.0171	1.0391	4.6997	1.8921	0.6104	1.6150	-4.4495	28.5809	36.8800	140	259	85 
0x50	20106.165	0.0508	0.0200	1.1006	-4.1504	-15.9912	2.8076	2.0270	-4.5648	28.5919	36.8900	143	259	82 
0x50	20106.269	0.1392	0.0386	0.9839	-6.2256	8.9111	0.3662	0.9888	-5.1361	28.4052	36.9000	140	261	84 
0x50	20106.362	0.0435	-0.0054	1.0859	14.7705	-8.0566	13.0005	1.9666	-5.3613	28.9050	36.9100	140	259	85 
0x50	20106.472	0.1719	0.1025	1.0645	0.3662	-3.1128	-6.2866	2.6971	-4.2297	29.1138	36.9000	144	260	81 
0x50	20106.565	0.0918	0.0278	1.0049	-22.3999	11.7798	8.9722	1.6425	-3.6804	29.5972	36.9000	144	260	78 
0x50	20106.672	0.0889	-0.0576	1.0010	-9.9487	14.7705	25.4517	-0.2747	-2.4335	31.1737	36.9100	151	262	77 
0x50	20106.761	0.0420	-0.0361	1.0161	5.4932	11.8408	4.8218	-0.7306	-0.7361	32.6349	36.9100	158	268	67 
0x50	20106.865	0.0000	0.0117	1.0698	6.5308	1.5869	16.6016	0.4449	-0.1758	33.7885	36.9200	165	273	54 
0x50	20106.958	0.0122	0.0137	1.0249	-0.1831	-6.8970	27.8320	0.3845	-0.3076	35.7880	36.9100	164	270	58 
0x50	20107.065	0.0420	0.0122	1.0420	1.4038	-11.8408	28.5034	0.7251	-1.8237	38.3478	36.9400	166	274	54 
0x50	20107.158	0.0430	0.0063	1.0410	0.5493	-3.3569	29.2969	0.6482	-2.2467	40.7977	36.9300	173	278	51 
0x50	20107.268	0.0449	0.0234	1.0107	-1.3428	-2.9297	22.2168	0.5438	-2.7576	42.7863	36.9200	178	277	47 
0x50	20107.361	0.0415	0.0303	1.0576	11.7188	2.0752	35.4614	1.0107	-2.6807	45.0165	36.9200	182	280	51 
0x50	20107.463	0.0073	0.0625	1.0449	-0.9766	6.5308	30.8838	1.2140	-2.1863	47.6038	36.9100	187	279	45 
0x50	20107.557	0.0342	0.0356	1.0283	7.0190	-0.7935	15.9912	1.5546	-1.7194	48.8177	36.9100	197	276	41 
0x50	20107.668	0.0479	0.0239	1.0581	-3.6621	-4.8828	32.0435	1.6425	-2.0929	50.3119	36.9200	203	277	44 
0x50	20107.762	-0.0449	0.0864	0.9702	-3.7231	0.8545	25.6958	0.6702	-2.0544	53.1299	36.9200	213	277	37 
0x50	20107.862	0.0054	0.0625	1.0493	8.8501	-3.5400	5.2490	1.5491	-2.3785	53.2617	36.9200	214	277	36 
0x50	20107.972	0.0459	0.0244	1.0591	-3.9063	-3.6621	20.2026	1.7688	-2.8290	53.3716	36.9300	212	277	34 
0x50	20108.065	-0.0107	0.0615	0.9756	-9.7656	0.4272	16.7847	0.7526	-2.8894	54.8438	36.9300	215	276	28 
0x50	20108.159	0.0391	-0.0034	1.0591	2.1362	-5.3711	-3.9063	0.7690	-3.3783	54.1791	36.9300	219	280	29 
0x50	20108.257	0.0791	-0.0137	1.0391	-5.1270	3.7842	8.4229	0.3735	-3.0927	53.1958	36.9400	216	280	26 
0x50	20108.366	0.0630	-0.0151	1.0254	-5.1880	1.0986	18.8599	-0.3076	-2.7905	54.2615	36.9200	221	282	25 
0x50	20108.466	0.0337	-0.0278	1.0122	3.2959	-8.3008	0.0610	-0.3131	-3.2629	54.4098	36.9300	226	281	21 
0x50	20108.559	0.0488	-0.0078	1.0459	-8.4839	7.9956	0.6714	-0.3735	-3.2355	54.0417	36.9200	224	284	18 
0x50	20108.669	0.0371	-0.0303	1.0952	0.7324	8.4839	-0.2441	-0.5054	-2.4664	53.1628	36.9600	226	282	14 
0x50	20108.762	-0.0049	0.0806	1.0586	-1.3428	18.6157	-0.7324	-1.0217	-0.5933	52.1246	36.9400	231	284	12 
0x50	20108.863	0.0205	-0.0044	1.0361	5.9814	7.8125	-4.7607	-0.3241	0.7855	50.4272	36.9400	236	286	16 
0x50	20108.957	-0.0186	-0.0044	0.9844	11.8408	-1.1597	-19.0430	0.4999	1.6919	48.7848	36.9300	238	281	19 
0x50	20109.058	-0.0361	0.0103	1.0811	6.5308	2.2583	-33.8135	1.0052	1.8951	45.2692	36.9500	233	281	24 
0x50	20109.167	-0.0200	0.0098	1.0322	-0.6104	-10.1318	-30.7007	0.9998	1.9940	41.4844	36.9600	226	279	36 
0x50	20109.267	0.0083	0.0063	1.0000	-3.7231	-19.2261	-42.9688	0.7526	0.7306	37.6996	36.9400	217	282	41 
0x50	20109.361	0.0068	0.0156	1.0142	-5.2490	-4.2114	-38.0859	0.5109	-0.5109	33.6511	36.9500	202	278	49 
0x50	20109.470	-0.0117	0.0571	1.0005	-8.9722	2.8687	-48.2178	0.0604	-0.5383	29.7620	36.9400	194	282	61 
0x50	20109.580	0.0527	-0.0166	1.0278	1.6479	-0.9766	-51.8799	0.2142	-1.0162	24.8511	36.9500	185	287	72 
0x50	20109.667	0.0356	-0.0244	1.0078	3.6011	3.8452	-46.2646	0.2527	-0.7196	20.5719	36.9500	171	281	84 
0x50	20109.794	0.0708	-0.0254	1.0654	2.6245	-0.4272	-40.7715	0.5273	-0.6866	16.5344	36.9600	166	280	91 
0x50	20109.866	0.0518	-0.0088	1.0464	-7.2632	3.1738	-22.3389	-0.0934	-0.7635	14.4910	36.9500	158	278	98 
0x50	20109.960	0.0073	-0.0103	1.0024	12.0850	-11.6577	-44.6777	-0.1318	-0.5988	13.1287	36.9600	156	272	104 
0x50	20110.055	0.0688	-0.0166	1.0034	-0.6714	7.1411	-17.5171	0.4724	-1.1755	10.6018	36.9600	151	261	109 
0x50	20110.165	0.0630	-0.0742	1.0444	2.9297	25.2075	-1.7090	1.0712	0.9943	10.7831	36.9900	154	260	109 
0x50	20110.269	-0.0073	-0.0083	1.0005	4.4556	2.5024	-5.2490	0.9888	1.6479	11.6840	36.9700	158	260	102 
0x50	20110.363	-0.0098	0.0112	1.0332	-2.6245	5.7373	-0.3052	1.5161	2.2522	12.7112	36.9800	155	255	88 
0x50	20110.465	-0.0132	-0.0024	1.0908	1.5869	1.4648	-1.8921	1.8018	2.4994	14.0240	36.9800	158	254	86 
0x50	20110.559	-0.0205	0.0923	1.0327	-5.0659	-11.3525	15.1367	0.6207	0.8624	15.8698	36.9700	158	255	89 
0x50	20110.659	0.0684	-0.0420	1.0718	1.7090	-5.0049	9.5825	0.9998	-0.3625	17.9572	36.9700	155	262	91 
0x50	20110.760	0.0645	-0.0073	1.0308	-9.0332	-8.3008	43.0908	-0.0494	-0.5823	21.1212	36.9800	158	261	86 
0x50	20110.860	0.0000	0.0142	0.9873	-9.7046	4.8218	43.2739	-0.8240	-0.6757	26.2244	36.9600	160	268	75 
0x50	20110.954	0.0215	-0.0254	1.0249	-1.9531	-0.6714	49.1943	-1.0437	-0.4614	30.6958	36.9600	170	273	69 
0x50	20111.055	0.0273	-0.0649	1.0645	2.0752	-2.8687	61.5234	-1.3623	-0.7471	36.2054	36.9800	179	274	54 
0x50	20111.164	0.0020	0.0063	0.9805	4.0894	-6.2866	52.6733	-1.5051	-0.9998	41.8085	36.9700	188	276	46 
0x50	20111.258	0.0103	0.0171	1.0117	7.7515	-8.0566	41.0156	-0.6097	-1.5601	46.0492	36.9600	199	276	40 
0x50	20111.398	0.0498	-0.0190	1.0542	-3.0518	-2.1362	51.0864	-0.2307	-2.5104	49.8010	36.9500	205	275	30 
0x50	20111.461	0.0132	0.0703	1.0532	-3.7231	3.7231	41.5039	-0.7306	-2.1973	53.7122	36.9600	217	277	21 
0x50	20111.555	-0.0068	-0.0059	1.0444	4.5776	-8.7280	13.0005	-0.7635	-2.0380	55.3986	36.9800	227	278	16 
0x50	20111.665	-0.0127	-0.0493	0.9624	-2.5024	-2.9297	1.0986	-1.1975	-1.9226	55.1404	36.9600	228	280	22 
0x50	20111.759	0.0264	-0.0771	1.0869	-5.0049	1.0986	-0.7935	-1.4612	-2.1423	54.1351	36.9700	225	279	21 
0x50	20111.869	0.0254	-0.0571	1.0913	-0.7324	9.6436	-1.9531	-1.9720	-1.6150	53.0255	36.9600	226	280	18 
0x50	20111.978	-0.0142	0.0127	1.0703	-6.7749	10.7422	-6.2256	-2.2632	-0.2692	51.5863	36.9700	231	278	21 
0x50	20112.063	-0.0200	-0.0518	1.0151	2.8687	-0.4272	-20.8740	-2.8729	0.1758	49.2188	36.9800	227	283	29 
0x50	20112.156	-0.0503	0.0112	1.0332	2.0142	9.3384	-32.8369	-2.5049	0.6702	45.8899	36.9800	226	283	29 
0x50	20112.262	0.0034	-0.0498	1.0381	1.0376	1.6479	-44.4946	-2.0380	0.8020	41.2152	36.9900	217	281	38 
0x50	20112.356	-0.0049	-0.0171	1.0161	-0.5493	5.7983	-29.8462	-2.0160	0.8350	37.6392	36.9700	211	286	48 
0x50	20112.465	-0.0356	0.0156	1.0288	6.3477	1.2817	-54.5654	-1.5656	1.3239	33.4534	36.9800	202	286	52 
0x50	20112.559	-0.0015	-0.0327	1.0327	6.1646	-0.0610	-57.8003	-1.0822	1.3019	27.9987	36.9900	193	283	63 
0x50	20112.668	0.0107	-0.0293	1.0112	0.6104	2.0752	-40.3442	-1.0492	1.2360	23.5437	36.9700	181	281	75 
0x50	20112.764	-0.0073	-0.0132	1.0347	0.7935	3.2959	-41.2598	-0.8679	1.2415	20.1270	36.9800	176	278	80 
0x50	20112.865	0.0259	-0.0522	1.0283	4.3335	-7.1411	-45.7153	-0.8569	0.9503	16.3037	36.9900	168	275	93 
0x50	20112.958	0.0195	-0.0186	1.0420	4.5166	-1.7700	-35.2173	-0.4614	0.2527	12.9529	36.9700	163	266	100 
0x50	20113.065	0.0366	0.0293	1.0303	6.7139	5.3711	-7.0190	-0.1538	0.3406	11.9806	36.9800	159	260	110 
0x50	20113.159	0.0166	-0.0156	1.0459	4.3335	2.5635	-1.8311	-0.1758	0.4614	12.7936	36.9900	158	259	106 
0x50	20113.268	0.0171	-0.0200	1.0425	-0.4272	-3.3569	-0.1831	0.0220	0.3241	13.9746	37.0100	159	260	106 
0x50	20113.363	0.0142	-0.0361	1.0688	-4.0894	-4.8828	2.5635	0.0000	0.0659	15.1831	36.9900	159	253	104 
0x50	20113.464	0.1177	-0.1143	1.0371	0.1831	2.6855	10.6812	-0.5383	-0.9998	16.5454	37.0000	160	259	106 
0x50	20113.558	0.0850	-0.0928	1.0327	-3.9063	-2.6855	13.6719	-0.9448	-1.0602	18.4790	36.9800	159	260	105 
0x50	20113.659	0.0532	-0.0425	1.0410	-5.9814	-1.8921	43.0908	-1.4886	-1.5106	21.6321	36.9700	158	264	99 
0x50	20113.760	0.0186	0.0088	0.9966	-0.5493	-3.9673	47.4243	-2.1204	-1.5601	26.5814	37.0100	160	269	86 
0x50	20113.861	0.0132	-0.0010	1.0400	2.8076	-0.2441	43.9453	-1.7194	-1.4886	31.0748	37.0000	168	269	76 
0x50	20113.954	0.0249	-0.0757	1.0537	-3.7842	5.8594	54.1382	-2.0709	-0.9009	35.8319	37.0000	176	272	62 
0x50	20114.055	-0.0054	-0.0088	1.0000	5.2490	-8.4229	61.7676	-2.4554	-0.8569	40.9406	37.0000	190	277	51 
0x50	20114.164	0.0444	-0.0244	1.0308	3.5400	-3.4790	45.1660	-1.7468	-1.4886	45.6757	37.0000	198	276	43 
0x50	20114.265	0.0186	0.0015	1.0073	3.1738	-3.6011	50.9033	-1.3403	-1.7468	49.4934	37.0000	206	275	37 
0x50	20114.366	0.0166	0.0146	0.9541	3.4180	-2.2583	30.0903	-1.0382	-2.0544	52.8168	36.9900	213	277	28 
0x50	20114.465	-0.0049	-0.0063	1.0654	1.4038	7.3242	-2.2583	-0.1703	-1.4008	52.8937	36.9900	221	277	23 
0x50	20114.559	0.0024	-0.0010	1.0400	-11.1694	0.6104	0.0000	-0.3406	-1.2469	52.0752	37.0000	218	279	25 
0x50	20114.665	-0.0044	-0.0127	1.0264	-9.5215	2.5024	-2.2583	-0.9668	-1.2744	51.1523	36.9900	223	277	24 
0x50	20114.759	0.0186	-0.0220	1.0176	-4.2114	-2.8076	-1.8921	-1.3568	-1.5656	50.0867	36.9800	215	279	29 
0x50	20114.865	-0.0522	0.0474	0.9902	3.2959	8.4229	-9.4604	-1.9281	-0.9448	48.7299	37.0100	216	279	30 
0x50	20114.959	-0.0449	-0.0298	1.0249	7.0190	4.8828	-38.5132	-1.5601	0.1648	45.1703	37.0000	216	281	35 
0x50	20115.053	0.0068	-0.0195	1.0513	-0.0610	1.8921	-25.5127	-1.3184	0.1483	41.5009	37.0100	212	284	42 
0x50	20115.162	-0.0474	0.0122	1.0059	-1.2817	1.4038	-28.8086	-1.6754	0.2087	39.0674	37.0200	209	282	50 
0x50	20115.265	-0.0146	-0.0151	0.9927	-3.4180	-0.0610	-56.7627	-1.8512	0.0934	34.6729	37.0200	199	284	62 
0x50	20115.359	0.0015	0.0098	1.0610	9.7046	-0.4272	-53.8940	-0.9338	-0.3680	29.5807	36.9800	189	283	71 
0x50	20115.459	0.0376	-0.0146	1.0420	3.6011	1.5259	-59.2041	-0.6482	-0.1923	24.3237	37.0300	179	282	80 
0x50	20115.553	0.0176	-0.0103	1.0635	-0.0610	-5.3101	-57.1289	-0.1648	-0.3461	19.4293	37.0300	170	278	92 
0x50	20115.669	0.1450	-0.0986	1.0435	4.3945	-1.0986	-48.8281	0.0659	-0.9503	14.8810	37.0200	164	269	105 
0x50	20115.754	0.2944	-0.1519	1.0522	4.0283	2.2583	-17.5781	0.5988	-1.5930	11.9147	37.0300	156	256	121 
0x50	20115.854	0.0430	0.0044	1.0244	-4.6997	-1.6479	-3.7842	0.5054	-1.4667	12.6233	37.0300	157	252	118 
0x50	20115.963	0.0449	-0.0034	1.0474	2.6855	5.8594	1.5869	0.5768	-1.3403	13.5956	37.0300	157	251	120 
0x50	20116.073	0.0508	0.0010	1.0464	4.2114	4.5776	0.4883	0.4669	-1.1646	14.7766	37.0200	161	254	119 
0x50	20116.151	0.0518	-0.0303	1.0308	-1.8311	-4.6997	-0.2441	0.3680	-1.4941	15.9027	37.0200	159	254	118 
0x50	20116.283	0.0381	-0.0405	1.0620	-5.9204	3.9673	5.1270	0.1538	-1.2085	17.0673	37.0300	156	252	120 
0x50	20116.361	0.0625	-0.0493	1.0273	-0.7935	3.7842	15.1978	-0.5164	-1.8292	18.9514	37.0400	156	254	117 
0x50	20116.450	0.1064	-0.0420	1.0503	-0.7324	-1.2817	32.3486	-0.5933	-1.3953	21.4398	37.0300	160	257	110 
0x50	20116.559	0.0581	-0.0146	1.0176	-2.8076	-1.6479	49.3164	-1.2195	-1.6205	26.1804	37.0600	164	259	93 
0x50	20116.650	0.0259	-0.0039	1.0376	-2.6855	-0.0610	52.1851	-1.4172	-1.4612	31.4703	37.0500	168	267	78 
0x50	20116.759	0.0264	-0.0205	1.0166	-2.8076	-1.1597	54.7485	-1.7358	-1.5820	36.3098	37.0400	174	270	71 
0x50	20116.853	0.0356	0.0059	1.0269	-2.5635	-4.8828	54.8706	-1.9885	-1.6699	41.5283	37.0400	185	276	63 
0x50	20116.962	0.0200	-0.0801	0.9893	2.0752	-8.3618	58.1665	-2.5159	-2.0929	46.9391	37.0400	197	274	49 
0x50	20117.063	0.0122	-0.0220	0.9863	0.8545	-3.8452	59.3872	-2.6147	-2.3621	51.9818	37.0400	206	274	43 
0x50	20117.157	-0.0190	0.0176	1.0420	6.8359	1.2207	17.3340	-2.1588	-2.2852	54.8602	37.0400	216	281	39 
0x50	20117.261	0.0063	-0.0474	1.0630	0.9766	3.3569	-1.0376	-1.4337	-1.5765	54.0417	37.0500	220	278	31 
0x50	20117.355	0.0288	-0.0171	1.0503	-3.1128	2.2583	-0.9766	-1.4172	-1.5436	53.0640	37.0600	218	278	30 
0x50	20117.471	0.0366	-0.0239	1.0454	-5.4321	1.6479	-0.6104	-1.5601	-1.3843	52.1027	37.0400	218	278	31 
0x50	20117.549	0.0122	-0.0415	1.0708	-4.6387	1.7700	0.8545	-1.9885	-1.1865	51.3116	37.0300	218	278	34 
0x50	20117.689	0.0137	-0.0796	1.0488	-6.1646	4.5166	-7.3242	-2.9333	-0.4230	50.1031	37.0300	221	280	34 
0x50	20117.752	-0.0645	0.0146	0.9956	-5.3101	5.7983	-38.4521	-3.3069	0.0385	47.9718	37.0400	223	279	41 
0x50	20117.852	0.0156	-0.0688	1.0156	7.3242	4.7607	-50.7813	-2.9773	0.1538	42.2479	37.0500	214	281	49 
0x50	20117.962	0.0049	-0.0547	1.0239	-2.3804	7.0190	-34.7900	-2.8510	0.6976	37.6392	37.0500	205	284	57 
0x50	20118.049	-0.0356	-0.0298	1.0234	0.2441	6.7749	-47.9126	-2.3291	0.7745	33.7555	37.0400	202	282	69 
0x50	20118.156	-0.0444	0.0073	1.0127	6.9580	1.4648	-58.4106	-2.2742	1.1151	28.5370	37.0500	190	282	81 
0x50	20118.249	-0.0078	-0.0137	1.0220	0.7324	-0.7935	-49.4995	-2.2412	0.7471	23.5712	37.0500	183	279	90 
0x50	20118.363	0.0347	-0.0737	1.0317	-1.8921	-2.8687	-30.9448	-2.3895	0.2747	20.1709	37.0500	173	280	109 
0x50	20118.457	-0.0068	-0.0352	1.0142	-2.2583	-2.1362	-34.4238	-2.6367	-0.0110	17.8198	37.0400	166	278	117 
0x50	20118.551	0.0449	-0.0977	1.0405	-0.4272	-2.8076	-36.8652	-2.6697	-0.5383	14.8315	37.0400	162	274	125 
0x50	20118.652	0.0815	-0.0947	1.0313	1.4038	2.3193	-5.6763	-2.6587	-0.9613	13.4033	37.0500	159	267	132 
0x50	20118.763	-0.0396	0.0127	1.0161	2.7466	4.0894	-6.5308	-2.5653	-0.7745	13.9197	37.0400	157	268	134 
0x50	20118.861	0.1523	-0.1807	1.0503	2.3804	-2.0142	-21.3013	-2.5159	-0.8240	12.8156	37.0400	155	264	136 
0x50	20118.955	0.0181	-0.0146	1.0728	-7.3242	-7.0801	13.1836	-2.6532	-1.0876	13.8757	37.0300	154	263	138 
0x50	20119.049	0.0854	-0.0361	1.0098	-0.3052	9.8267	18.7988	-3.0212	-1.2909	15.8972	37.0500	152	265	135 
0x50	20119.158	0.0771	-0.1060	1.0444	3.6011	-0.8545	35.4004	-3.0048	-0.7306	19.3469	37.0500	160	267	127 
0x50	20119.252	-0.0054	-0.0225	1.0068	-0.6104	3.2959	52.8564	-3.1311	-0.2747	24.4501	37.0400	167	269	110 
0x50	20119.361	0.0171	-0.0610	1.0249	0.0000	-1.4648	45.9595	-2.9993	0.0494	29.5752	37.0400	170	271	93 
0x50	20119.449	0.0039	-0.0459	1.0337	1.7700	-1.3428	56.0913	-3.1256	0.0220	34.5850	37.0600	180	276	77 
0x50	20119.558	-0.0361	-0.0288	1.0249	2.9907	-6.0425	50.4761	-2.8510	0.0659	39.5563	37.0400	185	274	68 
0x50	20119.650	-0.0068	-0.0210	1.0200	10.6201	-2.9907	46.2646	-2.3016	-0.0385	43.6267	37.0500	195	277	60 
0x50	20119.759	-0.0044	-0.0034	1.0088	1.0376	-2.7466	70.0073	-1.9775	-0.1978	48.7134	37.0500	204	275	45 
0x50	20119.849	-0.1084	0.0986	1.0400	8.8501	-10.8643	46.0205	-1.2634	-0.5658	54.3054	37.0300	219	276	33 
0x50	20119.959	-0.0303	0.0464	1.0654	9.2163	-7.2021	-1.7700	-0.2472	-1.1865	55.1404	37.0400	223	273	23 
0x50	20120.061	-0.0317	0.0142	1.0210	-0.9766	2.5635	2.4414	-0.1538	-0.9998	54.2340	37.0500	222	274	26 
0x50	20120.154	-0.0400	-0.0581	1.0327	-8.0566	-2.7466	-0.3052	-1.0437	-0.5054	53.2672	37.0600	222	274	23 
0x50	20120.259	-0.0210	-0.0259	0.9971	-6.1035	10.6812	-18.6157	-1.5875	-0.1208	51.9928	37.0400	221	278	21 
0x50	20120.368	-0.0454	0.0532	1.0200	-1.6479	9.5825	-35.8887	-1.3074	0.2966	48.4991	37.0600	222	276	29 
0x50	20120.453	-0.0249	0.0171	1.0542	8.3008	1.1597	-49.9878	-0.9283	0.8954	43.4729	37.0400	213	276	37 
0x50	20120.562	-0.0215	-0.0063	1.0537	-0.3052	2.3193	-47.3022	-0.9448	1.2360	38.5071	37.0600	207	278	52 
0x50	20120.656	-0.0005	-0.0405	1.0210	-6.2256	0.0610	-32.4707	-1.3239	0.9503	34.7827	37.0600	203	278	65 
0x50	20120.750	-0.0327	-0.0156	1.0444	-2.1973	-0.6714	-31.8604	-1.6754	0.9943	31.9318	37.0700	195	278	76 
0x50	20120.850	0.0205	-0.0757	1.0068	3.3569	-6.4697	-54.1382	-1.6809	0.9448	27.8833	37.0800	190	280	86 
0x50	20120.993	0.0522	-0.0737	1.0093	0.0000	-1.5259	-55.6030	-1.5875	0.2252	22.7087	37.0600	177	277	100 
0x50	20121.049	0.0737	-0.0435	1.0508	1.4648	-1.0986	-33.1421	-1.3733	-0.0714	18.7482	37.0500	171	272	116 
0x50	20121.159	0.0054	-0.0273	0.9980	-6.2866	-4.4556	-27.8931	-1.6974	-0.7471	16.8146	37.0600	164	266	123 
0x50	20121.250	0.0483	-0.0586	1.0352	-2.3193	-4.3335	-32.2266	-2.1313	-1.4227	14.6118	37.0600	164	266	138 
0x50	20121.347	0.0723	-0.0029	1.0527	2.5024	0.9766	-5.0049	-2.0819	-1.5546	13.5901	37.0900	157	260	139 
0x50	20121.456	0.0474	-0.0815	1.0703	-3.9063	-8.9722	4.0283	-2.5049	-1.9940	14.7711	37.0600	156	261	138 
0x50	20121.566	0.0723	-0.0342	1.0449	5.1880	12.2681	19.8364	-2.7960	-1.7358	16.7432	37.0800	157	260	142 
0x50	20121.651	0.0723	-0.0879	1.0415	-0.6104	8.5449	29.1138	-2.8180	-0.9888	20.0446	37.0800	161	263	132 
0x50	20121.760	0.0400	-0.0859	1.0376	-4.5776	5.7983	52.0020	-3.0322	-0.3351	24.6588	37.0600	170	263	111 
0x50	20121.861	-0.0083	-0.0181	1.0518	1.5259	1.9531	54.5654	-2.6642	0.4010	30.2124	37.0700	176	267	93 
0x50	20121.970	-0.0283	-0.0527	1.0044	-10.1318	-2.5635	44.1284	-3.2739	0.6757	35.6067	37.0800	182	272	75 
0x50	20122.055	0.0020	-0.0552	1.0337	5.3101	-8.0566	39.1846	-3.4003	0.3571	39.3970	37.0500	192	273	67 
0x50	20122.180	0.0391	-0.0942	1.0137	4.0894	-4.8218	34.0576	-3.1476	0.0220	42.7533	37.0800	199	276	59 
0x50	20122.258	0.0566	-0.0400	1.0112	10.8032	-8.0566	67.1387	-2.4335	-0.3296	46.6479	37.0600	203	275	55 
0x50	20122.352	-0.0718	0.0581	1.0083	5.1880	-8.9111	71.3501	-1.5546	-0.9009	53.5803	37.0600	211	271	40 
0x50	20122.446	-0.0132	-0.0151	1.0439	12.5122	-5.3101	-0.4272	-0.6812	-1.2030	55.7886	37.0700	218	272	26 
0x50	20122.555	-0.0112	0.0098	1.0269	-7.0190	3.0518	-5.7983	-0.4504	-1.0327	54.6021	37.0500	221	267	22 
0x50	20122.650	-0.0083	-0.0298	1.0366	-12.8784	7.7515	-9.6436	-1.3239	-0.2747	52.7399	37.0600	222	274	19 
0x50	20122.775	-0.0166	0.0063	1.0371	-1.5259	-0.9766	-33.3862	-1.4722	-0.3021	49.8834	37.0600	220	277	28 
0x50	20122.854	0.0078	-0.0493	1.0464	-6.5308	1.7090	-35.0952	-1.7413	-0.3790	45.5493	37.0700	215	277	39 
0x50	20122.979	0.0142	-0.0171	1.0151	-0.3662	2.1973	-36.3159	-2.1259	-0.2911	41.7096	37.0700	209	281	53 
0x50	20123.048	0.0205	-0.0566	1.0313	-1.4648	-0.9155	-25.6958	-1.8567	-0.7910	38.5400	37.0800	202	277	64 
0x50	20123.158	-0.0117	-0.0171	1.0132	0.7324	4.8218	-34.2407	-2.1478	-0.3186	35.6342	37.0700	197	279	72 
0x50	20123.260	-0.0078	-0.0005	1.0405	-4.5166	5.4321	-57.2510	-2.1533	0.0110	31.3055	37.0800	191	279	82 
0x50	20123.358	0.0552	-0.1006	1.0625	2.6245	2.8076	-48.7061	-2.2412	0.1208	26.3287	37.0600	186	275	97 
0x50	20123.459	0.0146	-0.0693	1.0327	-3.5400	0.6714	-27.3438	-2.4445	-0.0220	23.4064	37.0700	177	277	107 
0x50	20123.553	0.0073	-0.0396	1.0205	-0.9155	-2.8687	-32.7148	-2.6202	-0.2637	21.0223	37.0700	174	278	113 
0x50	20123.653	0.0474	-0.0649	1.0293	3.4790	-4.2725	-36.4380	-2.5983	-0.8075	17.8638	37.0600	169	271	116 
0x50	20123.778	0.0767	-0.0938	1.0259	-2.9907	-2.8687	-19.6533	-2.6917	-1.2360	15.9631	37.0700	163	268	125 
0x50	20123.859	0.0317	-0.0415	1.0273	-0.6104	-3.8452	-12.7563	-2.7795	-1.6919	15.4248	37.0600	158	270	132 
0x50	20123.972	0.0664	-0.0747	1.0405	-0.4272	-2.1362	-24.3530	-2.7026	-2.3071	14.4965	37.0800	156	266	139 
0x50	20124.051	0.0693	-0.0771	1.0347	2.2583	-0.3052	-18.3716	-2.5763	-2.5323	13.3319	37.0800	152	263	147 
0x50	20124.144	0.0688	-0.0322	1.0142	-0.1221	-8.4839	-20.2026	-2.4225	-3.0487	12.5024	37.0800	149	262	150 
0x50	20124.250	0.0806	-0.0352	1.0186	4.8828	4.0283	-3.6621	-1.9501	-3.2025	12.4420	37.0800	147	259	146 
0x50	20124.347	0.0532	-0.0459	1.0645	8.7891	13.0615	-2.4414	-1.4117	-2.2797	13.1836	37.0800	148	256	140 
0x50	20124.450	0.0112	-0.0156	1.0586	-4.3335	-3.1738	-7.6294	-1.1371	-1.1755	13.8318	37.1000	150	257	137 
0x50	20124.544	0.0718	-0.0586	1.0298	-4.6387	-13.6108	-0.6104	-1.5436	-3.0707	14.2548	37.1000	151	253	139 
0x50	20124.653	0.0532	-0.0786	1.0571	-7.3853	16.7236	-8.4839	-1.9226	-3.0432	14.6063	37.0900	148	254	139 
0x50	20124.747	0.0146	-0.0801	1.0542	-1.3428	-12.2070	-16.2354	-2.7686	-3.2465	14.3811	37.1200	147	254	136 
0x50	20124.848	0.1318	-0.0146	1.0200	2.0752	-4.0283	-4.2114	-2.3291	-4.0649	13.8318	37.1100	144	254	144 
0x50	20124.958	0.1514	-0.0405	0.9966	4.2725	-2.6855	2.0142	-2.0764	-4.6307	14.5020	37.1200	141	255	146 
0x50	20125.058	0.1118	-0.0542	1.0029	7.7515	-5.1270	8.2397	-1.5271	-4.9823	15.7214	37.0900	142	256	146 
0x50	20125.152	0.1006	-0.0337	1.0288	0.0610	-1.4038	0.6104	-0.9833	-4.8669	16.8970	37.1000	144	251	137 
0x50	20125.252	0.0728	-0.0215	1.0444	3.4180	6.2256	-2.5024	-0.9174	-4.4385	17.5726	37.1000	145	251	132 
0x50	20125.346	0.0669	-0.0190	1.0571	-1.1597	5.6152	-4.9438	-0.7635	-3.8452	17.9242	37.0900	147	249	127 
0x50	20125.456	0.0947	-0.0132	1.0190	-0.9766	-0.8545	-2.9907	-0.7635	-3.7573	18.0011	37.1000	144	250	132 
0x50	20125.549	0.0830	-0.0317	0.9917	2.5024	2.3804	-6.1646	-0.9283	-3.7189	18.3636	37.1200	143	247	134 
0x50	20125.643	0.0630	-0.0107	1.0518	0.0000	1.9531	-1.2207	-0.5658	-3.4113	18.6987	37.1200	147	247	131 
0x50	20125.752	0.0825	-0.0298	1.0269	2.2583	0.9155	-0.7324	-0.5273	-3.4332	19.2371	37.1100	148	249	131 
0x50	20125.850	0.0703	-0.0020	1.0200	0.9766	-2.2583	1.6479	-0.4285	-3.5815	19.7424	37.1200	149	249	130 
0x50	20125.944	0.0684	-0.0283	1.0239	0.4883	0.2441	1.3428	-0.2362	-3.5596	20.5005	37.1200	148	249	132 
0x50	20126.053	0.0806	-0.0029	1.0483	1.0986	0.9155	-1.0986	-0.2362	-3.4058	20.9949	37.1100	148	248	132 
0x50	20126.147	0.0537	-0.0117	1.0342	0.7935	0.6714	1.6479	-0.2087	-3.4827	21.5991	37.1200	150	247	132 
0x50	20126.248	0.0674	-0.0249	1.0288	-0.5493	0.0610	-2.0752	-0.1703	-3.4882	22.0386	37.1300	150	244	132 
0x50	20126.357	0.0942	-0.0029	1.0190	0.0000	1.2817	-1.8311	-0.2747	-3.4113	22.2198	37.1400	147	249	130 
0x50	20126.446	0.0640	-0.0049	1.0376	1.2207	-0.1221	1.6479	-0.1593	-3.3179	22.7252	37.1200	150	246	129 
0x50	20126.556	0.0532	-0.0029	1.0405	2.0142	-0.7935	0.0610	0.0000	-3.3179	23.2526	37.1400	148	245	130 
0x50	20126.681	0.0767	-0.0107	1.0215	0.6104	2.3804	-2.0752	-0.1318	-3.2959	23.6206	37.1200	149	244	126 
0x50	20126.743	0.0576	-0.0034	1.0415	0.1831	-0.8545	0.3662	0.0330	-3.1750	23.9886	37.1400	148	246	124 
0x50	20126.853	0.0576	-0.0122	1.0337	2.9907	0.3662	0.4883	0.0714	-3.2520	24.3292	37.1200	144	249	124 
0x50	20126.954	0.0669	0.0098	1.0464	-0.5493	0.3052	0.5493	0.2087	-3.2574	24.5764	37.1500	150	243	120 
0x50	20127.047	0.0713	-0.0020	1.0337	0.9766	-1.2817	-1.1597	0.3076	-3.2849	24.9280	37.1400	152	246	122 
0x50	20127.157	0.0596	-0.0078	1.0278	1.6479	2.1973	-0.9766	0.2747	-3.2739	25.2411	37.1300	147	245	124 
0x50	20127.249	0.0591	0.0078	1.0444	-1.8921	-1.2817	0.2441	0.3735	-3.2025	25.4828	37.1300	151	243	122 
0x50	20127.346	0.0664	-0.0063	1.0244	1.4648	-0.4272	0.8545	0.3625	-3.2684	25.7629	37.1500	150	243	124 
0x50	20127.471	0.0596	0.0059	1.0405	0.8545	0.9155	-2.7466	0.3790	-3.1860	26.0046	37.1400	151	243	119 
0x50	20127.549	0.0547	0.0049	1.0313	0.5493	0.7935	-1.1597	0.4340	-3.1696	26.1804	37.1400	150	244	122 
0x50	20127.682	0.0591	0.0073	1.0444	0.9766	1.7700	1.7090	0.5768	-3.1146	26.3452	37.1600	148	240	120 
0x50	20127.744	0.0562	-0.0068	1.0244	0.5493	0.9155	-0.2441	0.4834	-3.1366	26.6144	37.1200	150	240	124 
0x50	20127.845	0.0688	0.0181	1.0386	0.1221	1.6479	0.2441	0.6152	-3.0487	26.7627	37.1400	152	242	119 
0x50	20127.954	0.0557	0.0044	1.0298	2.1973	-1.9531	0.4883	0.6592	-3.0597	27.0868	37.1500	150	241	118 
0x50	20128.055	0.0469	-0.0054	1.0215	0.5493	1.1597	1.6479	0.6152	-3.1091	27.3779	37.1500	153	240	117 
0x50	20128.148	0.0625	0.0190	1.0420	-1.2817	0.1221	0.9766	0.7690	-3.0652	27.5922	37.1600	151	240	120 
0x50	20128.242	0.0469	0.0063	1.0493	2.6245	0.7324	0.4883	0.7800	-3.0597	27.8723	37.1500	152	244	119 
0x50	20128.352	0.0557	-0.0020	1.0078	1.1597	-1.8921	-0.1831	0.7306	-3.2080	28.0756	37.1800	150	239	121 
0x50	20128.466	0.0732	0.0083	1.0254	-0.4883	1.6479	1.9531	0.8569	-3.2684	28.1250	37.1700	152	241	119 
0x50	20128.544	0.0474	0.0190	1.0649	-0.0610	0.0610	2.5635	0.9778	-3.1476	28.3722	37.1700	151	243	117 
0x50	20128.680	0.0649	-0.0020	1.0186	-2.1362	-3.9673	-0.4883	0.8514	-3.2520	28.5370	37.1700	147	238	118 
0x50	20128.743	0.0825	0.0166	1.0146	1.4648	0.2441	-1.2207	0.6647	-3.3838	28.5040	37.1700	147	239	120 
0x50	20128.852	0.0518	0.0059	1.0386	-1.4038	-1.7090	1.4648	0.8569	-3.3344	28.7567	37.1700	152	237	120 
0x50	20128.954	0.0571	0.0098	1.0454	3.3569	0.9766	-1.0376	0.7800	-3.2959	28.8666	37.1700	151	239	120 
0x50	20129.048	0.0742	0.0098	1.0327	-2.3193	0.1221	0.3052	0.8459	-3.3234	28.9160	37.1700	154	241	117 
0x50	20129.141	0.0728	0.0117	1.0444	1.9531	0.9766	1.8311	0.8679	-3.3728	29.0808	37.1900	154	244	119 
0x50	20129.261	0.0542	0.0215	1.0542	1.2817	0.6714	0.8545	0.9613	-3.3289	29.3060	37.1800	154	241	118 
0x50	20129.355	0.0645	0.0044	1.0142	0.8545	0.1831	-3.1128	0.8295	-3.3673	29.4873	37.1700	154	241	118 
0x50	20129.481	0.0669	0.0190	1.0410	-0.9766	1.1597	-1.2817	0.9338	-3.2574	29.4543	37.1700	153	238	120 
0x50	20129.544	0.0615	0.0210	1.0444	-1.4038	-0.6104	1.4648	0.9613	-3.2190	29.5972	37.1700	153	237	119 
0x50	20129.653	0.0625	0.0112	1.0259	1.7700	0.7935	1.1597	0.9668	-3.3124	29.7675	37.1700	151	239	118 
0x50	20129.747	0.0562	0.0161	1.0454	2.2583	0.1831	-0.9766	0.9393	-3.2025	29.9048	37.1900	151	239	116 
0x50	20129.849	0.0581	0.0054	1.0244	-4.3335	-2.1362	0.1221	0.9338	-3.2684	29.9872	37.2000	154	236	118 
0x50	20129.951